 0.000000
 0.000000
 0.000000
 0.737701
 0.000000
 0.000000
 0.750000
 0.747618
 0.750000
 0.000000
 0.749105
 0.000000
 0.000000
 0.737557
 0.750000
 0.000000
 0.000000
 0.750000
 0.750000
 0.000000
 0.000000
 0.749783
 0.750000
 0.000000
 0.000000
 0.746624
 0.000000
 0.000000
 0.731071
 0.000000
 0.750000
 0.000000
 0.000000
 0.704615
 0.729584
 0.729598
 0.750000
 0.000000
 0.750000
 0.745803
 0.750000
 0.000000
 0.750000
 0.750000
 0.000000
 0.750000
 0.000000
 0.714593
 0.000000
 0.000000
 0.000000
 0.000000
 0.698243
 0.000000
 0.000000
 0.750000
 0.000000
 0.735733
 0.750000
 0.673855
 0.001803
 0.750000
 0.000000
 0.000000
 0.000000
 0.697733
 0.000000
 0.750000
 0.000000
 0.257893
 0.000000
 0.750000
