 0.000000
 0.000000
 0.000000
 0.000000
 0.000000
 0.000000
 0.750000
 0.000000
 0.697550
 0.750000
 0.750000
 0.750000
 0.000000
 0.000000
 0.750000
 0.000000
 0.000000
 0.422716
 0.000000
 0.000000
 0.750000
 0.000000
 0.686616
 0.750000
 0.000000
 0.750000
 0.750000
 0.750000
 0.000000
 0.000000
 0.750000
 0.000000
 0.000000
 0.394762
 0.750000
 0.000000
 0.000000
 0.750000
 0.515608
 0.000000
 0.000000
 0.750000
 0.749962
 0.750000
 0.000000
 0.000000
 0.750000
 0.750000
 0.000000
 0.750000
 0.729185
 0.000000
 0.000000
 0.750000
 0.750000
 0.000000
 0.750000
 0.000000
 0.750000
 0.750000
 0.000000
 0.750000
 0.750000
 0.000000
 0.000000
 0.735329
 0.000000
 0.000000
 0.000000
 0.000000
 0.750000
 0.000000
 0.420619
 0.000000
 0.750000
 0.000000
 0.000000
 0.746682
 0.000000
 0.750000
 0.000000
 0.000000
 0.750000
 0.750000
 0.000000
 0.750000
 0.729779
 0.750000
 0.750000
 0.000000
 0.000000
 0.750000
 0.656143
 0.000000
 0.750000
 0.750000
 0.750000
 0.000000
 0.000000
 0.750000
 0.000000
 0.750000
 0.000000
 0.000000
 0.750000
 0.000000
 0.000000
 0.000000
 0.000000
 0.224750
 0.000000
 0.750000
 0.000000
 0.000000
 0.492884
 0.750000
 0.000000
 0.000000
 0.000000
 0.038255
 0.000000
 0.000000
 0.750000
 0.750000
 0.000000
 0.000000
 0.252376
 0.000000
 0.750000
 0.750000
 0.000000
 0.750000
 0.018812
 0.000000
 0.000000
 0.750000
 0.750000
 0.000000
 0.000000
 0.750000
 0.750000
 0.750000
 0.008990
