 0.000000
 0.000000
 0.000000
 0.000000
 0.000000
 0.000000
 0.000000
 0.000000
 0.000000
 0.000000
 0.000000
 0.000000
 0.000000
 0.000000
 0.750000
 0.750000
 0.000000
 0.000000
 0.000000
 0.000000
 0.000000
 0.000000
 0.000000
 0.000000
 0.000000
 0.000000
 0.749998
 0.000000
 0.749999
 0.000000
 0.000000
 0.000000
 0.749974
 0.000000
 0.000000
 0.000000
 0.000000
 0.000000
 0.000000
 0.000000
 0.000000
 0.000000
 0.000000
 0.000000
 0.000000
 0.000000
 0.000000
 0.000000
 0.000000
 0.000000
 0.000000
 0.362605
 0.000000
 0.000000
 0.000000
 0.000000
 0.000000
 0.086711
 0.000000
 0.000000
 0.000000
 0.155219
 0.000000
 0.000000
 0.000000
 0.000000
 0.000000
 0.000000
 0.719467
