38.5372197869983	-694.306812566881
38.9668393283063	-710.272386482264
39.3964319144943	-698.237962557603
39.8259975469809	-725.203540792784
40.2555362271668	-693.169121187695
40.6850479564782	-727.134703742222
41.1145327363155	-713.100288456252
41.5439905680941	-725.065875329672
41.9734214532181	-716.031464362369
42.4028253931137	-700.99705555423
42.8322023891814	-722.962648905142
43.2615524428329	-743.928244414991
43.6908755554795	-758.893842083666
44.1201717285403	-740.859441911051
44.5494409634156	-718.825043897036
44.9786832615245	-728.790648041505
45.4078986242711	-701.756254344348
45.837087053067	-716.721862805449
46.2662485493237	-735.687473424697
46.6953831144601	-707.653086201978
47.124490749873	-720.61870113718
47.553571456985	-719.584318230188
47.9826252372004	-713.549937480891
48.4116520919269	-679.515558889175
48.8406520225798	-681.481182454927
49.2696250305707	-691.446808178034
49.6985711173001	-718.412436058384
50.1274902841905	-734.378066095863
50.5563825326462	-726.343698290357
50.985247864075	-717.309332641756
51.4140862798922	-694.274969149944
51.8428977815092	-698.240607814809
52.2716823703231	-683.206248636239
52.7004400477562	-736.17189161412
53.1291708152093	-671.137536748339
53.5578746741011	-686.103184038784
53.9865516258396	-679.068833485341
54.4152016718289	-731.034485087897
54.8438248134807	-736.000138846341
55.2724210522101	-688.965794760557
55.700990389414	-687.931452830434
56.1295328265114	-685.89711305586
56.55804836491	-696.862775436719
56.9865370060142	-701.828439972901
57.4149987512428	-691.794106664292
57.8434336019963	-695.759775510779
58.2718415596864	-713.725446512248
58.7002226257209	-693.691119668589
59.1285768015077	-708.656794979687
59.556904088462	-695.622472445429
59.9852044879844	-707.588152065703
60.4134780014901	-677.553833840395
60.8417246303833	-695.519517769393
61.2699443760757	-646.485203852584
61.6981372399677	-713.450892089856
62.1263032234783	-672.416582481095
62.5544423280116	-672.382275026188
62.9825545549756	-672.347969725023
63.4106399057818	-658.313666577486
63.8386983818309	-637.279365583466
64.2667299845306	-578.245066742849
64.6947347153036	-637.210770055521
65.1227125755394	-646.176475521371
65.550663566657	-637.142183140286
65.9785876900641	-644.107892912153
66.4064849471615	-677.073604836859
66.8343553393679	-649.03931891429
67.2621988680766	-630.005035144336
67.6900155347066	-642.970753526881
68.117805340662	-655.936474061815
68.5455682873471	-645.902196749024
68.9733043761734	-631.867921588395
69.4010136085453	-651.833648579815
69.8286959858742	-614.799377723173
70.256351509568	-661.765109018354
70.6839801810238	-637.730842465246
71.1115820016566	-644.696578063737
71.5391569728744	-609.662315813714
71.9667050960852	-563.628055715063
72.3942263726858	-575.593797767673
72.8217208040951	-599.55954197143
73.2491883917136	-612.525288326222
73.6766291369494	-571.491036831936
74.1040430412067	-601.45678748846
74.5314301058933	-498.42254029568
74.9587903324209	-545.388295253484
75.3861237221863	-500.354052361759
75.8134302766084	-479.319811620393
76.2407099970805	-484.285573029272
76.6679628850106	-463.251336588286
77.0951889418174	-446.217102297319
77.522388168898	-456.18287015626
77.9495605676565	-453.148640164996
78.376706139501	-364.114412323415
78.8038248858392	-294.080186631403
79.2309168080755	-296.045963088849
79.6579819076141	-205.011741695639
80.0850201858666	-201.977522451661
80.5120316442298	-126.943305356802
80.9390162841155	-118.90909041095
81.3659741069277	-33.8748776139919
81.7929051140745	-37.840666965815
82.2198093069564	-6.80645846630682
82.6466866869814	46.2277478846452
83.0735372555573	65.261952087154
83.5003610140884	97.296154141332
83.9271579639717	-1.66964595270883
84.3539281066223	9.36455180514486
84.7806714434445	-14.6012525849942
85.207387975839	9.43294087698609
85.6340777052137	18.4671321911985
86.0607406329654	93.5013213577552
86.4873767605131	17.5355083767695
86.9139860892537	77.5696932483536
87.3405686205915	77.6038759726198
87.7671243559307	61.6380565496811
88.1936532966756	7.6722349796496
88.6201554442377	110.706411262639
89.0466308000104	110.74058539876
89.4730793654089	167.774757388126
89.8995011418301	147.80892723085
90.3258961306819	197.843094927044
90.752264333365	273.877260476821
91.1786057512836	306.911423880292
91.6049203858456	499.945585137572
92.0312082384589	602.979744248772
92.4574693105132	733.013901214004
92.8837036034274	889.048056033382
93.3099111185911	1128.08220870702
93.7360918574195	1403.11635923502
94.1622458213132	1546.15050761751
94.5883730116802	1844.18465385459
95.0144734299137	1737.21879794638
95.4405470774254	1774.25293989299
95.8665939556121	1778.28707969454
96.2926140658819	1674.32121735113
96.7186074096425	1484.35535286287
97.1445739882874	1308.38948622989
97.5705138032244	1333.42361745228
97.9964268558578	1204.45774653018
98.4223131475846	1128.49187346368
98.8481726798163	1079.5259982529
99.2740054539535	1059.56012089795
99.6998114713933	927.594241398942
100.125590733547	1090.62835975599
100.551343241815	1122.66247596922
100.977068997595	1056.69659003872
101.402768002295	1097.73070196462
101.828440257315	1172.76481174702
102.254085764056	1262.79891938604
102.679704523921	1300.8330248818
103.10529653832	1292.86712823439
103.530861808645	1241.90122944395
103.956400336301	1358.93532851057
104.381912122695	1340.96942543437
104.807397169224	1296.00352021547
105.232855477293	1246.03761285397
105.658287048299	1333.07170334999
106.083691883653	1266.10579170363
106.509069984749	1293.13987791502
106.934421352994	1302.17396198427
107.359745989782	1201.20804391148
107.785043896525	1327.24212369677
108.210315074615	1185.27620134026
108.635559525464	1289.31027684204
109.060777250462	1235.34435020225
109.485968251017	1107.37842142098
109.91113252853	1155.41249049835
110.336270084404	1240.44655743448
110.761380920037	1265.48062222947
111.186465036829	1218.51468488344
111.611522436185	1359.5487453965
112.036553119509	1228.58280376876
112.461557088194	1285.61686000034
112.886534343637	1379.65091409134
113.311484887257	1477.68496604188
113.73640872044	1501.71901585208
114.161305844587	1485.75306352203
114.586176261109	1524.78710905187
115.011019971396	1635.82115244169
115.435836976859	1576.85519369161
115.860627278885	1799.88923280174
116.285390878885	1806.9232697722
116.710127778256	1918.9573046031
117.134837978399	1823.99133729454
117.559521480714	1928.02536784665
117.984178286598	2085.05939625952
118.408808397456	1957.09342253329
118.833411814684	2003.12744666805
119.257988539688	2026.16146866393
119.682538573866	2102.19548852102
120.10706191861	2038.22950623945
120.531558575326	1984.26352181933
120.95602854542	1930.29753526076
121.380471830278	1913.33154656387
121.80488843131	1953.36555572876
122.229278349914	1778.39956275554
122.653641587487	1794.43356764433
123.077978145429	1751.46757039525
123.502288025141	1762.50157100839
123.926571228021	1689.53556948388
124.350827755468	1645.56956582182
124.77505760888	1591.60356002233
125.199260789664	1550.63755208552
125.623437299207	1592.67154201151
126.047587138917	1520.70552980039
126.47171031019	1500.7395154523
126.89580681442	1549.77349896733
127.319876653018	1422.8074803456
127.743919827371	1454.84145958723
128.167936338879	1428.87543669232
128.59192618895	1469.90941166099
129.015889378973	1510.94338449335
129.439825910354	1398.97735518951
129.863735784485	1512.01132374958
130.287619002763	1446.04529017367
130.711475566593	1524.07925446191
131.135305477375	1418.11321661439
131.559108736499	1448.14717663124
131.982885345365	1487.18113451255
132.406635305371	1524.21509025846
132.830358617924	1549.24904386906
133.254055284411	1714.28299534447
133.677725306231	1596.3169446848
134.10136868479	1625.35089189016
134.524985421474	1735.38483696067
134.948575517693	1769.41877989644
135.372138974835	1686.45272069758
135.795675794302	1703.4866593642
136.219185977493	1811.52059589641
136.642669525805	1891.55453029433
137.066126440629	1808.58846255806
137.489556723368	1895.62239268773
137.912960375422	1882.65632068344
138.336337398177	1934.69024654529
138.759687793048	1916.72417027342
139.183011561417	2049.75809186792
139.606308704685	1985.79201132891
140.02957922425	2066.8259286565
140.452823121511	2147.85984385081
140.876040397859	2078.89375691194
141.299231054697	2055.92766784001
141.72239509342	2155.96157663512
142.145532515423	2238.9954832974
142.568643322101	2120.02938782695
142.991727514854	2143.06329022388
143.414785095083	2323.09719048831
143.837816064173	2147.13108862035
144.260820423525	2159.16498462011
144.683798174537	2391.1988784877
145.106749318609	2314.23277022323
145.52967385713	2348.26665982682
145.952571791498	2408.30054729858
146.375443123117	2435.33443263862
146.798287853369	2393.36831584705
147.221105983659	2514.40219692398
147.643897515379	2474.43607586953
148.066662449928	2480.46995268381
148.489400788701	2442.50382736692
148.912112533093	2473.53769991899
149.334797684503	2508.57157034011
149.757456244315	2601.60543863041
150.180088213943	2654.63930479
150.602693594762	2675.67316881899
151.025272388185	2725.70703071748
151.447824595597	2763.7408904856
151.870350218392	2812.77474812345
152.292849257977	2751.80860363115
152.715321715732	2816.8424570088
153.137767593067	2903.87630825653
153.560186891361	2958.91015737443
153.982579612023	3020.94400436262
154.404945756439	3040.97784922122
154.827285326013	3009.01169195034
155.249598322126	3166.04553255008
155.671884746185	3201.07937102056
156.094144599577	3352.1132073619
156.516377883705	3350.14704157419
156.938584599956	3301.18087365756
157.360764749726	3472.21470361212
157.782918334407	3457.24853143798
158.205045355396	3520.28235713524
158.627145814094	3640.31618070403
159.04921971188	3858.35000214445
159.471267050164	3775.38382145662
159.893287830331	3930.41763864064
160.315282053776	3921.45145369663
160.737249721889	4060.4852666247
161.159190836082	4339.51907742497
161.581105397723	4450.55288609753
162.002993408223	4343.58669264252
162.424854868972	4592.62049706002
162.846689781363	4840.65429935017
163.268498146782	4891.68809951307
163.690279966635	4993.72189754883
164.112035242313	5053.75569345756
164.533763975203	5360.78948723938
164.955466166702	5620.8232788944
165.377141818204	5602.85706842272
165.798790931105	5687.89085582446
166.220413506787	5999.92464109974
166.642009546656	6303.95842424866
167.063579052093	6450.99220527133
167.485122024503	6792.02598416787
167.906638465276	6725.05976093839
168.328128375796	7195.093535583
168.749591757467	7063.12730810181
169.171028611675	7490.16107849494
169.592438939813	7726.19484676249
170.013822743276	7893.22861290457
170.435180023458	8005.26237692131
170.856510781741	8479.2961388128
171.277815019533	8382.32989857916
171.699092738217	8552.36365622051
172.120343939182	8795.39741173695
172.541568623833	9087.43116512859
172.962766793552	9083.46491639555
173.383938449729	9022.49866553795
173.805083593768	9207.53241255588
174.226202227051	9192.56615744946
174.647294350965	9222.59990021881
175.068359966913	9253.63364086403
175.489399076286	9179.66737938524
175.910411680477	9276.70111578255
176.331397780864	9238.73485005607
176.752357378853	9002.7685822059
177.173290475831	8964.80231223218
177.594197073187	8841.83604013499
178.015077172316	9001.86976591446
178.435930774601	8453.9034895707
178.856757881447	8682.93721110381
179.277558494235	8404.97093051392
179.698332614363	8320.00464780112
180.119080243217	8301.03836296555
180.53980138219	8184.07207600729
180.960496032672	8056.10578692647
181.381164196052	8013.1394957232
181.801805873725	7791.17320239759
182.222421067082	7751.20690694974
182.643009777511	7865.24060937978
183.063572006405	7542.27430968781
183.48410775515	7443.30800787395
183.904617025142	7495.3417039383
184.325099817771	7287.37539788098
184.745556134421	7217.4090897021
185.165985976487	6992.44277940177
185.58638934536	6946.4764669801
186.006766242433	6888.5101524372
186.427116669092	7130.54383577319
186.847440626723	6667.57751698817
187.26773811673	6763.61119608227
187.688009140485	6581.64487305558
188.108253699392	6557.67854790822
188.528471794834	6517.7122206403
188.9486634282	6405.74589125193
189.368828600887	6507.77955974323
189.788967314278	6494.8132261143
190.209079569765	6282.84689036526
190.629165368736	6325.88055249622
191.049224712587	6138.91421250729
191.469257602697	6158.94787039858
191.889264040462	6077.9815261702
192.309244027266	5864.01517982226
192.729197564505	6102.04883135488
193.149124653569	6164.08248076817
193.569025295837	6058.11612806223
193.988899492709	6206.14977323718
194.408747245572	5824.18341629313
194.828568555807	5839.2170572302
195.248363424809	6033.25069604848
195.668131853966	5907.2843327481
196.087873844669	5967.31796732917
196.507589398308	5961.35159979179
196.927278516268	5961.38523013608
197.346941199932	5802.41885836215
197.766577450693	5780.45248447011
198.186187269948	5918.48610846007
198.60577065908	5940.51973033214
199.025327619467	5882.55335008644
199.44485815251	5996.58696772307
199.864362259595	6022.62058324215
200.283839942112	5860.65419664379
200.70329120144	5822.68780792809
201.122716038971	5908.72141709518
201.542114456096	5972.75502414516
201.961486454201	5868.78862907814
202.380832034676	6036.82223189423
202.800151198905	6068.85583259355
203.219443948284	6203.88943117621
203.638710284187	6209.92302764231
204.057950208014	6231.95662199197
204.477163721145	6197.99021422531
204.896350824965	6104.02380434242
205.315511520871	6269.05739234342
205.734645810247	6271.09097822843
206.153753694481	6339.12456199756
206.572835174956	6365.15814365091
206.991890253058	6337.19172318859
207.410918930185	6384.22530061073
207.829921207714	6484.25887591742
208.248897087032	6477.29244910878
208.667846569533	6500.32602018493
209.086769656598	6646.35958914597
209.50566634961	6585.39315599201
209.924536649963	6439.42672072316
210.34338055905	6536.46028333955
210.762198078242	6651.49384384127
211.180989208936	6751.52740222843
211.599753952512	6712.56095850116
212.018492310362	6798.59451265956
212.437204283869	6768.62806470374
212.855889874423	6813.66161463381
213.274549083405	6632.69516244989
213.693181912207	6722.72870815208
214.111788362213	6760.76225174049
214.530368434803	6781.79579321524
214.948922131374	6735.82933257644
215.367449453304	6699.8628698242
215.785950401976	6534.89640495863
216.204424978786	6630.92993797984
216.622873185115	6499.96346888795
217.041295022347	6581.99699768305
217.459690491868	6431.03052436527
217.878059595066	6476.06404893472
218.296402333329	6513.0975713915
218.714718708037	6608.13109173573
219.133008720571	6357.16460996752
219.551272372329	6371.19812608698
219.969509664686	6376.23164009421
220.387720599032	6319.26515198934
220.805905176748	6302.29866177247
221.224063399229	6170.33216944372
221.64219526785	6126.36567500319
222.060300783996	6081.39917845099
222.478379949057	6002.43267978724
222.89643276442	5974.46617901205
223.314459231463	5827.49967612552
223.732459351569	5870.53317112778
224.150433126134	5674.56666401892
224.568380556531	5809.60015479907
224.986301644152	5580.63364346833
225.404196390376	5494.66713002681
225.822064796589	5420.70061447462
226.239906864182	5360.73409681188
226.657722594532	5358.7675770387
227.07551198902	5258.80105515518
227.49327504904	5233.83453116144
227.91101177597	5124.86800505759
228.328722171194	5044.90147684374
228.746406236099	4862.93494651999
229.164063972068	4862.96841408647
229.581695380486	4757.00187954328
229.999300462728	4877.03534289054
230.416879220189	4721.06880412834
230.834431654253	4639.10226325682
231.251957766293	4662.13572027607
231.669457557702	4575.1691751862
232.086931029858	4562.20262798733
232.504378184148	4520.23607867957
232.921799021951	4370.26952726303
233.339193544656	4317.30297373782
233.756561753645	4352.33641810405
234.173903650294	4183.36986036183
234.591219235997	4159.40330051128
235.008508512131	4243.43673855249
235.42577148008	3974.4701744856
235.843008141226	4032.50360831069
236.260218496954	4073.53704002789
236.677402548644	4017.57046963731
237.094560297682	3913.60389713906
237.51169174545	3833.63732253324
237.928796893327	3766.67074581997
238.345875742699	3869.70416699937
238.762928294952	3776.73758607153
239.179954551458	3763.77100303657
239.596954513614	3729.80441789461
240.01392818279	3766.83783064575
240.43087556037	3749.8712412901
240.847796647743	3676.90464982778
241.264691446282	3394.93805625889
241.681559957374	3643.97146058355
242.098402182407	3416.00486280186
242.515218122756	3549.03826291394
242.9320077798	3542.0716609199
243.348771154924	3431.10505681985
243.765508249514	3424.1384506139
244.182219064947	3381.17184230216
244.598903602607	3304.20523188473
245.01556186387	3318.23861936174
245.43219385013	3412.2720047333
245.848799562758	3301.3053879995
246.265379003136	3230.33876916047
246.681932172647	3229.37214821632
247.098459072676	3268.40552516715
247.514959704596	3213.43890001307
247.9314340698	3227.4722727542
248.347882169655	3171.50564339065
248.764304005551	3191.53901192253
249.180699578875	3214.57237834995
249.597068890994	3252.60574267301
250.013411943298	3190.63910489183
250.429728737162	3219.67246500653
250.846019273969	3291.7058230172
251.262283555104	3281.73917892397
251.67852158194	3069.77253272694
252.094733355868	3146.80588442622
252.510918878258	3196.83923402193
252.927078150496	3165.87258151417
253.343211173963	3101.90592690306
253.759317950036	3118.9392701887
254.175398480092	3140.9726113712
254.591452765518	3172.00595045069
255.0074808077	3143.03928742726
255.423482608002	3143.07262230103
255.839458167814	3023.10595507211
256.255407488519	3152.1392857406
256.671330571487	3059.17261430663
257.087227418102	3037.20594077029
257.503098029748	3081.23926513171
257.918942407803	3064.27258739099
258.334760553643	3077.30590754824
258.750552468649	3092.33922560357
259.166318154202	3012.3725415571
259.582057611682	3093.40585540892
259.997770842463	3025.43916715917
260.413457847935	3049.47247680793
260.82911862947	3109.50578435534
261.244753188446	2931.53908980148
261.660361526242	2959.57239314649
262.075943644245	2942.60569439046
262.491499543823	3014.63899353351
262.90702922636	3054.67229057574
263.322532693244	2934.70558551727
263.738009945838	2953.73887835822
264.153460985533	2991.77216909868
264.5688858137	2922.80545773877
264.98428443172	2902.8387442786
265.399656840974	3052.87202871828
265.815003042836	2923.90531105792
266.230323038693	2945.93859129764
266.645616829911	2919.97186943753
267.060884417886	3048.00514547772
267.476125803976	2794.03841941831
267.891340989572	2930.07169125941
268.306529976049	2891.10496100114
268.721692764786	2930.1382286436
269.136829357157	2929.17149418691
269.551939754546	2942.20475763117
269.967023958332	2861.2380189765
270.382081969881	2828.271278223
270.797113790584	2947.30453537079
271.212119421812	2870.33779041998
271.627098864944	2923.37104337067
272.042052121363	2963.40429422298
272.45697919244	2817.43754297702
272.87188007955	2865.47078963289
273.286754784083	2735.50403419072
273.701603307406	2906.5372766506
274.116425650892	2868.57051701265
274.53122181593	2932.60375527698
274.945991803891	2812.63699144371
275.360735616151	2972.67022551293
275.775453254093	2734.70345748476
276.190144719093	2866.73668735932
276.604810012526	2797.76991513671
277.019449135761	2844.80314081703
277.434062090189	2820.83636440041
277.848648877181	2784.86958588696
278.263209498105	2885.90280527677
278.677743954351	2843.93602256997
279.092252247293	2782.96923776666
279.506734378301	2826.00245086696
279.921190348759	2790.03566187097
280.335620160032	2830.0688707788
280.750023813514	2861.10207759057
281.164401310568	2825.13528230638
281.578752652571	2786.16848492635
281.993077840907	2908.20168545058
282.407376876941	2723.23488387919
282.821649762063	2935.26808021229
283.235896497637	2833.30127444998
283.650117085042	2805.33446659238
284.06431152566	2795.36765663959
284.478479820856	2813.40084459174
284.892621972016	2732.43403044892
285.30673798051	2776.46721421124
285.720827847719	2812.50039587883
286.134891575009	2792.53357545178
286.548929163767	2936.56675293021
286.962940615361	2914.59992831423
287.37692593117	2873.63310160395
287.790885112561	2706.66627279947
288.20481816092	2748.69944190092
288.61872507762	2864.73260890839
289.032605864034	2763.76577382201
289.446460521539	2859.79893664187
289.860289051506	2776.83209736809
290.27409145531	2755.86525600079
290.687867734337	2801.89841254006
291.101617889948	2718.93156698603
291.515341923521	2773.96471933879
291.929039836435	2626.99786959847
292.342711630066	2813.03101776516
292.756357305785	2650.06416383899
293.169976864963	2652.09730782006
293.583570308979	2783.13044970848
293.997137639213	2715.16358950436
294.410678857027	2666.19672720781
294.824193963802	2750.22986281894
295.237682960916	2728.26299633787
295.651145849737	2740.2961277647
296.064582631643	2779.32925709954
296.477993308006	2722.3623843425
296.891377880198	2670.39550949369
297.304736349593	2660.42863255323
297.718068717575	2789.46175352122
298.131374985503	2698.49487239777
298.544655154761	2708.52798918299
298.957909226723	2714.561103877
299.371137202757	2726.5942164799
299.784339084239	2615.6273269918
300.197514872539	2644.66043541281
300.610664569045	2654.69354174305
301.023788175109	2640.72664598262
301.436885692117	2591.75974813164
301.849957121441	2657.7928481902
302.263002464456	2675.82594615843
302.676021722531	2553.85904203644
303.089014897039	2631.89213582432
303.501981989353	2602.9252275222
303.914923000855	2577.95831713019
304.327837932905	2604.99140464838
304.740726786887	2695.0244900769
305.153589564164	2441.05757341585
305.566426266112	2491.09065466535
305.979236894108	2721.1237338255
306.392021449522	2575.15681089641
306.804779933729	2514.1898858782
307.217512348095	2538.22295877097
307.630218693997	2615.25602957483
308.042898972806	2472.28909828989
308.455553185896	2501.32216491627
308.868181334637	2477.35522945407
309.280783420406	2542.38829190341
309.693359444569	2576.42135226439
310.105909408499	2573.45441053712
310.518433313573	2616.48746672171
310.930931161157	2542.52052081828
311.343402952628	2494.55357282693
311.755848689357	2560.58662274777
312.168268372708	2483.61967058092
312.580662004063	2493.65271632647
312.993029584795	2481.68575998455
313.405371116266	2518.71880155526
313.817686599853	2621.75184103872
314.229976036927	2479.78487843503
314.64223942886	2507.8179137443
315.054476777015	2523.85094696664
315.466688082779	2591.88397810216
315.878873347512	2404.91700715097
316.291032572589	2399.95003411319
316.703165759379	2455.98305898892
317.115272909257	2505.01608177827
317.52735402359	2414.04910248135
317.939409103746	2375.08212109827
318.351438151104	2442.11513762914
318.763441167029	2486.14815207407
319.175418152899	2478.18116443318
319.587369110078	2381.21417470656
319.999294039938	2497.24718289434
320.411192943851	2555.28018899661
320.82306582318	2389.3131930135
321.234912679308	2394.3461949451
321.646733513596	2354.37919479154
322.058528327423	2454.41219255291
322.470297122148	2350.44518822933
322.882039899152	2309.47818182092
323.293756659797	2409.51117332777
323.70544740546	2403.54416274999
324.117112137504	2421.57715008771
324.528750857301	2416.61013534103
324.940363566231	2360.64311851005
325.351950265649	2379.67609959489
325.763510956934	2477.70907859566
326.175045641448	2420.74205551247
326.586554320569	2463.77503034542
326.998036995668	2276.80800309463
327.409493668106	2400.84097376021
327.820924339252	2348.87394234226
328.232329010486	2387.9069088409
328.643707683168	2377.93987325623
329.05506035867	2326.97283558837
329.466387038366	2290.00579583743
329.877687723619	2428.03875400351
330.288962415801	2284.07171008672
330.70021111628	2254.10466408718
331.111433826423	2327.13761600499
331.522630547602	2473.17056584027
331.933801281193	2291.20351359312
332.344946028548	2397.23645926365
332.75606479105	2322.26940285198
333.16715757006	2230.30234435821
333.578224366949	2315.33528378245
333.989265183088	2282.36822112481
334.400280019846	2209.4011563854
334.811268878584	2159.43408956434
335.222231760679	2241.46702066172
335.633168667493	2332.49994967767
336.0440796004	2161.53287661228
336.454964560762	2333.56580146568
336.865823549953	2293.59872423796
337.276656569338	2207.63164492925
337.687463620288	2179.66456353964
338.098244704167	2308.69748006925
338.508999822348	2189.73039451819
338.91972897619	2133.76330688656
339.330432167073	2220.79621717449
339.741109396356	2203.82912538207
340.151760665408	2146.86203150941
340.562385975597	2183.89493555663
340.972985328291	2127.92783752384
341.383558724861	2145.96073741114
341.794106166671	2140.99363521865
342.204627655086	2218.02653094647
342.615123191477	2062.05942459471
343.025592777212	2240.09231616349
343.436036413655	2146.12520565291
343.846454102178	2164.15809306309
344.256845844145	2122.19097839412
344.66721164092	2123.22386164613
345.077551493872	2137.25674281921
345.487865404375	2133.28962191349
345.898153373782	2118.32249892907
346.308415403469	1993.35537386606
346.718651494808	2099.38824672457
347.128861649154	2111.4211175047
347.539045867884	2126.45398620658
347.949204152355	2072.4868528303
348.359336503937	2039.51971737598
348.769442924	1963.55257984372
349.179523413906	1898.58544023364
349.589577975024	2002.61829854585
349.999606608718	1990.65115478045
350.409609316357	2086.68400893756
350.819586099303	1963.71686101728
351.22953695893	2053.74971101973
351.639461896596	2032.782558945
352.049360913672	1994.81540479322
352.459234011519	1939.8482485645
352.869081191511	1925.88109025893
353.278902455	1926.91392987663
353.688697803361	1990.94676741772
354.098467237963	2016.97960288229
354.50821076017	1993.01243627047
354.917928371342	1999.04526758235
355.327620072846	1932.07809681805
355.737285866052	1951.11092397767
356.146925752324	1998.14374906134
356.556539733021	1923.17657206915
356.966127809511	1947.20939300122
357.375689983167	1828.24221185765
357.785226255349	1846.27502863855
358.194736627414	1885.30784334404
358.60422110074	1932.34065597422
359.013679676685	1986.37346652921
359.42311235662	1911.40627500911
359.832519141898	1971.43908141402
360.241900033895	1938.47188574407
360.651255033968	1960.50468799936
361.060584143491	1901.53748818
361.469887363819	1940.5702862861
361.879164696321	1893.60308231776
362.28841614236	1858.6358762751
362.697641703307	1848.66866815823
363.106841380518	1791.70145796726
363.516015175355	1914.73424570229
363.925163089192	1799.76703136343
364.33428512339	1896.7998149508
364.743381279309	1721.8325964645
365.152451558315	1797.86537590465
365.561495961774	1753.89815327134
365.970514491047	1850.9309285647
366.379507147503	1795.96370178483
366.788473932501	1781.99647293184
367.197414847407	1907.02924200584
367.60632989358	1710.06200900693
368.015219072392	1686.09477393524
368.424082385197	1814.12753679086
368.83291983337	1822.1602975739
369.241731418263	1835.19305628448
369.650517141246	1748.22581292271
370.059277003685	1765.25856748869
370.468011006934	1804.29131998254
370.876719152365	1825.32407040435
371.285401441335	1872.35681875425
371.694057875211	1743.38956503234
372.10268845535	1788.42230923873
372.511293183124	1750.45505137352
372.919872059894	1678.48779143684
373.32842508702	1710.52052942878
373.736952265862	1748.55326534946
374.14545359779	1705.58599919899
374.553929084162	1678.61873097747
374.962378726337	1736.65146068502
375.370802525685	1770.68418832174
375.779200483564	1693.71691388774
376.187572601342	1699.74963738314
376.595918880375	1656.78235880804
377.004239322028	1808.81507816254
377.412533927665	1740.84779544677
377.820802698643	1706.88051066083
378.229045636326	1718.91322380482
378.637262742082	1585.94593487886
379.045454017265	1612.97864388305
379.453619463245	1698.01135081752
379.861759081377	1668.04405568235
380.269872873021	1654.07675847767
380.677960839548	1711.10945920358
381.086022982312	1606.1421578602
381.49405930268	1691.17485444762
381.90206980201	1683.20754896597
382.310054481666	1775.24024141534
382.718013343008	1644.27293179585
383.125946387397	1665.30562010761
383.533853616194	1667.33830635073
383.941735030766	1606.37099052531
384.349590632464	1643.40367263147
384.757420422654	1662.43635266931
385.165224402702	1552.46903063894
385.573002573968	1545.50170654047
385.980754937805	1675.53438037402
386.388481495581	1609.56705213968
386.796182248654	1610.59972183757
387.203857198386	1635.63238946781
387.61150634614	1559.66505503049
388.019129693271	1586.69771852572
388.426727241141	1622.73037995362
388.834298991121	1604.76303931429
389.241844944561	1623.79569660785
389.649365102817	1471.8283518344
390.056859467258	1496.86100499405
390.464328039248	1538.89365608691
390.871770820136	1610.92630511309
391.279187811294	1552.9589520727
391.686579014069	1602.99159696584
392.093944429831	1602.02423979263
392.501284059941	1574.05688055318
392.908597905752	1517.08951924759
393.315885968633	1527.12215587598
393.723148249933	1451.15479043844
394.130384751017	1491.1874229351
394.537595473248	1479.22005336606
394.944780417979	1424.25268173142
395.351939586576	1512.28530803131
395.759072980396	1473.31793226582
396.166180600797	1527.35055443506
396.573262449139	1540.38317453915
396.980318526784	1460.4157925782
397.38734883509	1421.44840855231
397.794353375418	1552.48102246159
398.201332149121	1496.51363430615
398.608285157566	1567.54624408609
399.015212402104	1495.57885180154
399.422113884105	1547.6114574526
399.828989604917	1467.64406103937
400.235839565906	1578.67666256196
400.64266376843	1502.70926202049
401.049462213846	1501.74185941506
401.456234903507	1517.77445474579
401.862981838785	1503.80704801277
402.269703021029	1588.83963921613
402.6763984516	1560.87222835596
403.083068131858	1402.90481543238
403.489712063157	1469.93740044549
403.896330246861	1499.96998339541
404.302922684324	1500.00256428224
404.709489376909	1421.0351431061
405.116030325967	1464.06771986709
405.522545532865	1456.10029456532
405.929034998949	1454.13286720089
406.335498725591	1471.16543777393
406.741936714144	1454.19800628453
407.148348965962	1448.2305727328
407.554735482408	1469.26313711886
407.961096264836	1447.29569944282
408.367431314603	1334.32825970477
408.773740633074	1383.36081790484
409.180024221597	1461.39337404312
409.586282081534	1388.42592811974
409.992514214245	1438.45848013479
410.398720621084	1431.49103008839
410.80490130341	1405.52357798064
411.211056262574	1365.55612381165
411.617185499948	1410.58866758154
412.023289016877	1409.62120929041
412.429366814718	1389.65374893836
412.835418894836	1410.68628652552
413.241445258583	1437.71882205198
413.647445907314	1377.75135551786
414.053420842392	1365.78388692326
414.459370065167	1347.8164162683
414.865293577004	1329.84894355308
415.271191379251	1394.88146877771
415.677063473267	1366.91399194229
416.082909860415	1370.94651304695
416.488730542045	1405.97903209178
416.894525519514	1352.0115490769
417.300294794182	1362.04406400242
417.706038367403	1358.07657686843
418.111756240534	1402.10908767506
418.517448414928	1402.14159642241
418.923114891946	1372.17410311059
419.328755672941	1361.2066077397
419.734370759273	1397.23911030986
420.139960152293	1399.27161082118
420.545523853361	1419.30410927376
420.951061863834	1472.33660566771
421.356574185058	1375.36910000314
421.7620608184	1326.40159228017
422.167521765211	1331.43408249889
422.572957026852	1321.46657065941
422.978366604671	1340.49905676186
423.383750500019	1402.53154080632
423.789108714267	1361.56402279292
424.194441248764	1368.59650272177
424.599748104861	1323.62898059296
425.005029283918	1238.66145640661
425.410284787285	1303.69393016282
425.815514616326	1356.72640186172
426.22071877239	1309.75887150339
426.625897256828	1283.79133908796
427.031050071003	1328.82380461554
427.436177216266	1212.85626808622
427.841278693977	1321.88872950012
428.246354505481	1303.92118885734
428.65140465214	1197.95364615801
429.056429135311	1321.98610140222
429.461427956346	1280.01855459008
429.866401116596	1353.0510057217
430.271348617417	1314.08345479719
430.676270460164	1308.11590181666
431.081166646195	1252.14834678022
431.486037176859	1165.18078968797
431.890882053518	1226.21323054003
432.295701277515	1239.2456693365
432.700494850218	1189.27810607749
433.105262772965	1323.31054076311
433.510005047122	1283.34297339347
433.914721674042	1271.37540396868
434.319412655073	1311.40783248884
434.724077991573	1272.44025895406
435.128717684896	1231.47268336446
435.533331736398	1164.50510572013
435.937920147425	1240.5375260212
436.342482919339	1235.56994426776
436.747020053491	1229.60236045993
437.151531551229	1226.63477459782
437.556017413917	1340.66718668153
437.9604776429	1171.69959671117
438.36491223954	1171.73200468684
438.769321205178	1197.76441060867
439.173704541168	1156.79681447675
439.578062248878	1201.8292162912
439.98239432965	1140.86161605213
440.386700784842	1149.89401375963
440.790981615798	1187.92640941383
441.195236823881	1165.95880301482
441.59946641044	1173.99119456272
442.003670376827	1133.02358405764
442.407848724393	1166.05597149968
442.812001454498	1130.08835688895
443.216128568488	1124.12074022557
443.620230067717	1247.15312150963
444.024305953542	1073.18550074125
444.428356227308	1109.21787792054
444.832380890376	1126.2502530476
445.236379944086	1075.28262612254
445.640353389801	1104.31499714548
446.044301228874	1117.34736611652
446.448223462648	1180.37973303576
446.852120092487	1128.41209790332
447.255991119731	1080.4444607193
447.659836545739	1104.47682148382
448.063656371865	1121.50918019698
448.467450599455	1121.54153685888
448.871219229862	1136.57389146965
449.27496226444	1096.60624402938
449.678679704542	1112.63859453818
450.082371551514	1125.67094299617
450.486037806713	1161.70328940345
450.889678471485	1094.73563376013
451.293293547194	1051.76797606632
451.696883035176	1149.80031632212
452.100446936787	1100.83265452765
452.503985253388	1089.86499068301
452.907497986321	1073.89732478831
453.310985136933	1122.92965684366
453.714446706584	1098.96198684917
454.117882696624	1097.99431480494
454.521293108398	1087.02664071109
454.924677943265	1066.05896456772
455.328037202569	1078.09128637494
455.731370887671	1057.12360613285
456.134678999904	1071.15592384158
456.537961540638	1055.18823950122
456.941218511212	1074.22055311188
457.344449912976	1038.25286467368
457.747655747291	1117.28517418671
458.150836015498	1034.3174816511
458.553990718945	965.349787066937
458.957119858994	1094.38209043434
459.360223436986	1052.41439175342
459.763301454277	1047.44669102428
460.166353912209	1049.47898824702
460.569380812139	1032.51128342177
460.972382155418	1086.54357654862
461.375357943394	989.575867627679
461.778308177414	1040.60815665906
462.181232858831	1081.64044364288
462.584131988995	1089.67272857923
462.987005569251	1003.70501146823
463.389853600961	1076.73729230998
463.79267608546	1082.7695711046
464.195473024105	1089.80184785219
464.598244418248	1102.83412255285
465.000990269229	1070.86639520671
465.403710578408	1140.89866581386
465.806405347131	1114.93093437441
466.209074576741	1124.96320088847
466.611718268599	1053.99546535615
467.014336424046	1127.02772777756
467.416929044429	1133.05998815281
467.819496131105	1136.092246482
468.222037685412	1089.12450276524
468.624553708716	1052.15675700264
469.02704420235	1156.18900919431
469.429509167672	1148.22125934036
469.83194860602	1097.25350744089
470.23436251876	1087.28575349601
470.636750907226	1085.31799750583
471.039113772771	1158.35023947047
471.441451116748	1118.38247939002
471.843762940498	1137.41471726459
472.246049245372	1138.44695309429
472.648310032724	1116.47918687924
473.050545303893	1109.51141861954
473.452755060232	1153.54364831529
473.854939303091	1073.57587596661
474.257098033816	1106.6081015736
474.659231253757	1159.64032513637
475.061338964256	1156.67254665503
475.46342116667	1175.70476612968
475.865477862342	1106.73698356044
476.26750905262	1126.76919894742
476.669514738852	1126.80141229072
477.07149492238	1119.83362359044
477.473449604567	1155.8658328467
477.875378786746	1135.89804005961
478.277282470266	1016.93024522927
478.679160656483	1182.96244835579
479.081013346738	1080.99464943928
479.482840542383	1141.02684847984
479.884642244756	1109.05904547759
480.286418455216	1186.09124043264
480.688169175104	1081.12343334508
481.089894405762	1101.15562421504
481.491594148548	1166.18781304261
481.893268404805	1067.2199998279
482.294917175877	1021.25218457103
482.696540463111	1065.28436727209
483.098138267858	1043.31654793121
483.499710591462	1063.34872654848
483.90125743527	1080.38090312402
484.302778800632	1001.41307765793
484.704274688887	986.445250150314
485.105745101387	945.47742060129
485.507190039479	1067.50958901096
485.908609504509	994.541755379437
486.310003497823	933.573919706824
486.711372020759	993.60608199323
487.112715074683	959.638242238765
487.514032660918	1003.67040044353
487.915324780831	897.702556607646
488.316591435756	974.734710731209
488.717832627036	924.766862814331
489.119048356027	894.79901285712
489.52023862407	922.831160859683
489.921403432508	1029.86330682213
490.322542782694	947.895450744564
490.723656675967	974.927592627098
491.124745113676	938.959732469837
491.525808097168	920.991870272891
491.926845627789	942.024006036366
492.327857706881	983.05613976037
492.72884433579	858.088271445012
493.129805515858	876.120401090398
493.530741248436	765.152528696637
493.931651534872	872.184654263837
494.332536376507	828.216777792105
494.733395774677	881.248899281548
495.134229730749	856.281018732277
495.535038246045	881.313136144397
495.935821321923	802.345251518016
496.336578959726	790.377364853242
496.737311160799	728.409476150184
497.138017926488	788.441585408949
497.538699258129	759.473692629644
497.939355157075	854.505797812377
498.339985624672	747.537900957256
498.740590662258	676.570002064389
499.141170271184	813.602101133884
499.541724452792	739.634198165848
499.94225320842	753.666293160388
500.342756539423	721.698386117614
500.743234447141	724.730477037632
501.143686932915	754.76256592055
501.544113998093	699.794652766476
501.944515644019	683.826737575518
502.344891872035	733.858820347783
502.745242683482	690.890901083378
503.145568079715	692.922979782413
503.545868062068	716.955056444994
503.946142631888	654.987131071229
504.346391790517	709.019203661225
504.746615539297	622.051274215091
505.146813879579	690.083342732934
505.546986812703	660.115409214862
505.947134340007	675.147473660981
506.347256462842	688.179536071401
506.747353182549	671.211596446229
507.147424500471	588.243654785572
507.54747041795	528.275711089538
507.947490936334	644.307765358235
508.347486056958	585.339817591769
508.747455781176	592.37186779025
509.147400110319	587.403915953784
509.547319045737	651.435962082479
509.947212588773	594.468006176442
510.347080740768	557.500048235783
510.746923503065	592.532088260607
511.146740877007	570.564126251022
511.54653286394	579.596162207137
511.946299465205	586.628196129058
512.346040682135	571.660228016893
512.745756516083	617.69225787075
513.145446968399	495.724285690738
513.545112040406	532.756311476961
513.944751733459	599.788335229529
514.344366048895	475.820356948549
514.743954988061	547.85237663413
515.143518552293	467.884394286377
515.543056742943	512.916409905399
515.942569561342	564.948423491303
516.342057008838	515.980435044197
516.741519086772	474.012444564189
517.140955796483	511.044452051385
517.540367139317	532.076457505894
517.939753116617	483.108460927823
518.339113729722	501.140462317279
518.738448979969	432.17246167437
519.137758868713	532.204458999204
519.537043397278	483.236454291887
519.93630256702	483.268447552529
520.335536379272	446.300438781235
520.734744835379	432.332427978113
521.13392793668	413.364415143272
521.533085684521	480.396400276818
521.932218080237	414.428383378858
522.331325125171	409.460364449501
522.730406820672	476.492343488854
523.129463168061	347.524320497024
523.528494168702	454.556295474119
523.927499823927	399.588268420246
524.32648013507	480.620239335512
524.725435103479	367.652208220026
525.124364730494	324.684175073894
525.523269017456	376.716139897224
525.922147965702	372.748102690123
526.321001576579	406.7800634527
526.719829851419	424.81202218506
527.118632791574	352.843978887312
527.51741039837	362.875933559562
527.916162673158	419.907886201919
528.314889617275	411.93983681449
528.713591232062	340.971785397383
529.112267518852	328.003731950703
529.510918478998	329.03567647456
529.90954411383	353.067618969059
530.308144424696	326.09955943431
530.706719412926	347.131497870419
531.105269079871	371.163434277493
531.503793426858	402.19536865564
531.902292455237	300.227301004967
532.300766166343	318.259231325581
532.699214561522	315.291159617591
533.097637642105	342.323085881103
533.496035409432	353.355010116223
533.894407864852	355.386932323062
534.292755009697	334.418852501724
534.691076845301	399.450770652317
535.089373373011	337.48268677495
535.48764459417	311.514600869728
535.885890510107	334.54651293676
536.284111122171	284.578422976153
536.682306431692	347.610330988014
537.080476440012	282.64223697245
537.478621148475	359.674140929569
537.876740558411	331.706042859478
538.27483467117	287.737942762284
538.672903488077	284.769840638094
539.070947010481	281.801736487016
539.468965239717	337.833630309157
539.866958177124	271.865522104624
540.264925824041	276.897411873525
540.662868181814	207.929299615967
541.060785251764	233.961185332057
541.458677035243	257.993069021902
541.85654353358	194.024950685609
542.254384748124	182.056830323287
542.652200680204	293.088707935041
543.049991331165	242.120583520979
543.447756702338	183.152457081209
543.845496795067	257.184328615837
544.24321161069	235.216198124972
544.640901150542	241.248065608719
545.038565415958	185.279931067187
545.43620440828	197.311794500482
545.833818128845	185.343655908712
546.23140657899	180.375515291983
546.628969760058	228.407372650404
547.026507673377	282.439227984081
547.424020320289	148.471081293121
547.82150770213	212.502932577631
548.218969820245	149.53478183772
548.616406675962	168.566629073493
549.013818270621	232.598474285058
549.411204605556	174.630317472522
549.808565682113	192.662158635993
550.205901501623	169.693997775577
550.603212065419	192.725834891382
551.000497374851	105.757669983515
551.397757431241	190.789503052082
551.794992235936	206.821334097191
552.192201790265	155.853163118949
552.589386095569	133.884990117464
552.986545153191	225.916815092842
553.383678964455	142.94863804519
553.780787530708	174.980458974616
554.17787085328	167.012277881226
554.574928933507	159.044094765128
554.971961772735	209.075909626429
555.368969372288	137.107722465236
555.765951733508	129.139533281656
556.162908857732	140.171342075795
556.559840746296	123.203148847762
556.956747400534	56.234953597663
557.35362882178	126.266756325605
557.750485011376	152.298557031695
558.147315970654	116.330355716041
558.544121700953	127.362152378749
558.940902203605	153.393947019926
559.337657479947	55.4257396396802
559.734387531316	89.4575302381174
560.131092359046	98.4893188153453
560.527771964472	39.5211053714704
560.924426348934	110.5528899066
561.321055513763	66.5846724208416
561.717659460289	77.6164529143009
562.11423818986	119.648231387086
562.510791703804	111.680007839304
562.907320003458	79.7117822710616
563.303823090154	56.7435546824652
563.700300965232	72.7753250736225
564.096753630019	101.80709344464
564.493181085865	81.8388597956255
564.88958333409	89.8706241266852
565.285960376037	81.9023864379262
565.682312213033	22.9341467294553
566.078638846422	33.9659050013802
566.474940277534	84.9976612538069
566.871216507701	59.0294154868427
567.267467538265	17.0611677005952
567.663693370555	44.0929178951703
568.059894005909	121.124666070676
568.456069445655	102.156412227218
568.852219691132	23.1881563649038
569.248344743675	66.2198984838406
569.644444604618	125.251638584135
570.040519275295	75.2833766658944
570.436568757042	85.3151127292251
570.832593051181	53.3468467742337
571.228592159062	19.3785788010282
571.624566082009	74.4103088097145
572.020514821364	28.4420368004
572.416438378455	62.4737627731918
572.812336754614	98.505486728196
573.208209951175	93.5372086655198
573.604057969478	86.5689285852702
573.999880810853	34.6006464875543
574.395678476634	99.6323623724786
574.791450968154	70.6640762401503
575.187198286745	13.6957880906757
575.582920433735	65.7274979241615
575.978617410473	13.7592057407157
576.374289218281	5.79091154044409
576.769935858497	0.822615323454102
577.165557332446	62.854317089852
577.561153641469	26.886016839745
577.956724786894	27.9177145732397
578.352270770057	11.9494102904428
578.747791592293	56.9811039914616
579.14328725493	4.01279567640267
579.538757759306	12.0444853453728
579.934203106746	33.0761729984786
580.329623298588	-15.8921413641731
580.725018336168	21.1395422575249
581.120388220813	3.17122386367896
581.515732953856	-35.7970965456043
581.911052536634	-22.7654189702173
582.306346970475	6.26625658994612
582.701616256708	32.2979301349924
583.096860396672	17.3296016650288
583.4920793917	-18.6387288198378
583.887273243115	-12.6070613195013
584.282441952258	-3.57539583385437
584.677585520457	44.4562676372095
585.072703949048	-22.5120709062026
585.467797239358	21.5195885360156
585.862865392719	9.53604363262616
586.257908410465	-8.71095446665959
586.652926293925	-6.95793685089507
587.047919044442	7.79509647908003
587.442886663328	8.54814552244534
587.837829151929	-9.69878972164065
588.232746511577	-33.945709254011
588.627638743593	-14.1926130754914
589.022505849319	-22.439501186921
589.41734783008	-13.6863735891282
589.812164687209	-7.93323028294662
590.20695642204	-33.1800712692102