38.5372197869983	-4.41115468830742
38.9668393283063	11.5612527421914
39.3964319144943	-15.4663380961013
39.8259975469809	-5.49392720327648
40.2555362271668	-17.5215145794242
40.6850479564782	-28.549100224636
41.1145327363155	-10.5766841390019
41.5439905680941	-18.6042663226128
41.9734214532181	-1.63184677555887
42.4028253931137	-15.6594254979317
42.8322023891814	16.3129975101789
43.2615524428329	-27.714577751318
43.6908755554795	12.2578487174872
44.1201717285403	-0.769723083496842
44.5494409634156	-37.7972931543599
44.9786832615245	4.1751385048068
45.4078986242711	5.1475718939131
45.837087053067	-28.8799929871317
46.2662485493237	-12.9075561384182
46.6953831144601	-34.9351175600374
47.124490749873	3.03732274792071
47.553571456985	0.00976478536483683
47.9826252372004	22.982208552205
48.4116520919269	-1.04534595164944
48.8406520225798	-5.0728987262894
49.2696250305707	17.8995502281947
49.6985711173001	-3.12799908828731
50.1274902841905	-3.15554667582671
50.5563825326462	47.8169074654863
50.985247864075	34.7893633355613
51.4140862798922	20.7618209343074
51.8428977815092	22.734280261634
52.2716823703231	3.70674131745125
52.7004400477562	25.6792041016679
53.1291708152093	12.6516686141939
53.5578746741011	43.6241348549383
53.9865516258396	55.5966028238105
54.4152016718289	9.5690725207204
54.8438248134807	42.5415439455772
55.2724210522101	45.5140170982903
55.700990389414	23.4864919787697
56.1295328265114	36.4589685869244
56.55804836491	48.431446922664
56.9865370060142	47.4039269858981
57.4149987512428	78.376408776536
57.8434336019963	52.3488922944873
58.2718415596864	65.3213775396616
58.7002226257209	44.2938645119684
59.1285768015077	60.2663532113172
59.556904088462	76.2388436376173
59.9852044879844	98.2113357907787
60.4134780014901	79.1838296707102
60.8417246303833	110.156325277322
61.2699443760757	100.128822610523
61.6981372399677	94.1013216702243
62.1263032234783	129.073822456334
62.5544423280116	138.046324968761
62.9825545549756	159.018829207416
63.4106399057818	141.991335172209
63.8386983818309	188.963842863049
64.2667299845306	220.936352279845
64.6947347153036	185.908863422507
65.1227125755394	189.881376290945
65.550663566657	178.853890885068
65.9785876900641	213.826407204786
66.4064849471615	189.798925250008
66.8343553393679	180.771445020644
67.2621988680766	182.743966516604
67.6900155347066	239.716489737797
68.117805340662	211.689014684132
68.5455682873471	196.66154135552
68.9733043761734	240.63406975187
69.4010136085453	193.606599873092
69.8286959858742	217.579131719095
70.256351509568	197.551665289788
70.6839801810238	234.524200585082
71.1115820016566	231.496737604887
71.5391569728744	203.46927634911
71.9667050960852	230.441816817663
72.3942263726858	236.414359010456
72.8217208040951	223.386902927396
73.2491883917136	217.359448568396
73.6766291369494	220.331995933363
74.1040430412067	229.304545022207
74.5314301058933	231.27709583484
74.9587903324209	232.249648371168
75.3861237221863	236.222202631104
75.8134302766084	227.194758614556
76.2407099970805	278.167316321433
76.6679628850106	244.139875751647
77.0951889418174	267.112436905106
77.522388168898	239.084999781719
77.9495605676565	225.057564381398
78.376706139501	237.030130704051
78.8038248858392	238.002698749588
79.2309168080755	250.975268517918
79.6579819076141	227.947840008953
80.0850201858666	234.9204132226
80.5120316442298	240.892988158771
80.9390162841155	259.865564817374
81.3659741069277	247.83814319832
81.7929051140745	247.810723301518
82.2198093069564	241.783305126877
82.6466866869814	275.755888674309
83.0735372555573	242.728473943721
83.5003610140884	230.701060935025
83.9271579639717	248.67364964813
84.3539281066223	244.646240082945
84.7806714434445	254.61883223938
85.207387975839	230.591426117346
85.6340777052137	238.564021716752
86.0607406329654	237.536619037507
86.4873767605131	262.509218079522
86.9139860892537	253.481818842706
87.3405686205915	222.454421326969
87.7671243559307	247.427025532221
88.1936532966756	218.399631458371
88.6201554442377	233.37223910533
89.0466308000104	253.344848473007
89.4730793654089	252.317459561312
89.8995011418301	240.290072370154
90.3258961306819	209.262686899444
90.752264333365	221.235303149092
91.1786057512836	218.207921119007
91.6049203858456	268.180540809099
92.0312082384589	234.153162219278
92.4574693105132	258.125785349454
92.8837036034274	233.098410199536
93.3099111185911	195.071036769435
93.7360918574195	290.043665059059
94.1622458213132	235.01629506832
94.5883730116802	256.988926797127
95.0144734299137	241.961560245389
95.4405470774254	255.934195413017
95.8665939556121	277.906832299921
96.2926140658819	284.87947090601
96.7186074096425	309.852111231195
97.1445739882874	279.824753275384
97.5705138032244	291.797397038488
97.9964268558578	333.770042520418
98.4223131475846	286.742689721082
98.8481726798163	275.715338640391
99.2740054539535	310.687989278254
99.6998114713933	335.660641634582
100.125590733547	297.633295709284
100.551343241815	328.60595150227
100.977068997595	368.578609013451
101.402768002295	288.551268242735
101.828440257315	333.523929190034
102.254085764056	316.496591855257
102.679704523921	311.469256238313
103.10529653832	354.441922339113
103.530861808645	334.414590157567
103.956400336301	348.387259693585
104.381912122695	384.359930947076
104.807397169224	360.332603917951
105.232855477293	393.305278606119
105.658287048299	363.277955011491
106.083691883653	403.250633133976
106.509069984749	353.223312973485
106.934421352994	393.195994529927
107.359745989782	411.168677803212
107.785043896525	391.141362793251
108.210315074615	433.114049499953
108.635559525464	377.086737923227
109.060777250462	425.059428062986
109.485968251017	440.032119919138
109.91113252853	451.004813491592
110.336270084404	451.97750878026
110.761380920037	418.950205785052
111.186465036829	474.922904505876
111.611522436185	469.895604942644
112.036553119509	490.868307095265
112.461557088194	479.841010963649
112.886534343637	520.813716547707
113.311484887257	482.786423847348
113.73640872044	481.759132862482
114.161305844587	509.73184359302
114.586176261109	519.704556038871
115.011019971396	554.677270199946
115.435836976859	536.649986076154
115.860627278885	509.622703667406
116.285390878885	504.595422973612
116.710127778256	575.568143994681
117.134837978399	567.540866730524
117.559521480714	601.513591181051
117.984178286598	547.486317346171
118.408808397456	588.459045225796
118.833411814684	555.431774819835
119.257988539688	566.404506128198
119.682538573866	633.377239150794
120.10706191861	608.349973887536
120.531558575326	641.322710338332
120.95602854542	620.295448503092
121.380471830278	620.268188381727
121.80488843131	676.240929974147
122.229278349914	695.213673280261
122.653641587487	665.186418299981
123.077978145429	656.159165033215
123.502288025141	698.131913479875
123.926571228021	656.10466363987
124.350827755468	634.077415513111
124.77505760888	680.050169099507
125.199260789664	629.022924398968
125.623437299207	703.995681411406
126.047587138917	699.96844013673
126.47171031019	680.94120057485
126.89580681442	760.913962725676
127.319876653018	689.886726589118
127.743919827371	691.859492165088
128.167936338879	731.832259453494
128.59192618895	717.805028454247
129.015889378973	754.777799167257
129.439825910354	726.750571592435
129.863735784485	758.72334572969
130.287619002763	759.696121578933
130.711475566593	738.668899140073
131.135305477375	719.641678413022
131.559108736499	700.614459397689
131.982885345365	758.587242093985
132.406635305371	797.560026501819
132.830358617924	774.532812621102
133.254055284411	758.505600451744
133.677725306231	756.478389993656
134.10136868479	787.451181246747
134.524985421474	789.423974210928
134.948575517693	790.396768886109
135.372138974835	748.3695652722
135.795675794302	785.342363369112
136.219185977493	832.315163176755
136.642669525805	762.287964695038
137.066126440629	784.260767923873
137.489556723368	771.233572863169
137.912960375422	799.206379512837
138.336337398177	870.179187872787
138.759687793048	842.151997942929
139.183011561417	818.124809723174
139.606308704685	868.097623213431
140.02957922425	855.070438413612
140.452823121511	844.043255323626
140.876040397859	891.016073943384
141.299231054697	845.988894272796
141.72239509342	861.961716311771
142.145532515423	901.934540060222
142.568643322101	805.907365518057
142.991727514854	856.880192685188
143.414785095083	881.853021561524
143.837816064173	897.825852146976
144.260820423525	838.798684441454
144.683798174537	887.771518444868
145.106749318609	841.744354157129
145.52967385713	876.717191578147
145.952571791498	881.690030707833
146.375443123117	910.662871546096
146.798287853369	900.635714092847
147.221105983659	867.608558347997
147.643897515379	896.581404311456
148.066662449928	956.554251983134
148.489400788701	870.527101362941
148.912112533093	873.499952450788
149.334797684503	977.472805246586
149.757456244315	955.445659750244
150.180088213943	915.418515961673
150.602693594762	930.391373880783
151.025272388185	942.364233507485
151.447824595597	941.337094841689
151.870350218392	885.309957883306
152.292849257977	1009.28282263225
152.715321715732	938.255689088419
153.137767593067	919.228557251735
153.560186891361	987.201427122106
153.982579612023	1014.17429869944
154.404945756439	941.147171983652
154.827285326013	971.120046974647
155.249598322126	1030.09292367234
155.671884746185	1077.06580207664
156.094144599577	984.038682187451
156.516377883705	1034.01156400469
156.938584599956	1020.98444752827
157.360764749726	992.957332758097
157.782918334407	1018.93021969408
158.205045355396	1037.90310833614
158.627145814094	1057.87599868417
159.04921971188	1053.84889073809
159.471267050164	1074.82178449782
159.893287830331	1023.79467996325
160.315282053776	1055.7675771343
160.737249721889	1039.74047601089
161.159190836082	1014.71337659292
161.581105397723	1017.6862788803
162.002993408223	1026.65918287294
162.424854868972	1075.63208857076
162.846689781363	1010.60499597366
163.268498146782	1002.57790508156
163.690279966635	1072.55081589436
164.112035242313	1078.52372841198
164.533763975203	1032.49664263432
164.955466166702	1125.4695585613
165.377141818204	1123.44247619283
165.798790931105	1098.41539552881
166.220413506787	1091.38831656917
166.642009546656	1131.3612393138
167.063579052093	1121.33416376262
167.485122024503	1093.30708991554
167.906638465276	1110.28001777247
168.328128375796	1113.25294733332
168.749591757467	1096.225878598
169.171028611675	1142.19881156643
169.592438939813	1091.1717462385
170.013822743276	1017.14468261414
170.435180023458	1101.11762069326
170.856510781741	1108.09056047575
171.277815019533	1081.06350196155
171.699092738217	1195.03644515054
172.120343939182	1196.00939004266
172.541568623833	1120.9823366378
172.962766793552	1052.95528493587
173.383938449729	1121.9282349368
173.805083593768	1137.90118664048
174.226202227051	1063.87414004683
174.647294350965	1058.84709515577
175.068359966913	1115.82005196719
175.489399076286	1031.79301048101
175.910411680477	1121.76597069714
176.331397780864	1108.7389326155
176.752357378853	1091.71189623599
177.173290475831	1121.68486155852
177.594197073187	1149.657828583
178.015077172316	1119.63079730935
178.435930774601	1021.60376773747
178.856757881447	1081.57673986728
179.277558494235	1076.54971369869
179.698332614363	1085.5226892316
180.119080243217	1028.49566646593
180.53980138219	1064.46864540159
180.960496032672	979.441626038492
181.381164196052	1062.41460837654
181.801805873725	1065.38759241565
182.222421067082	1037.36057815573
182.643009777511	994.333565596688
183.063572006405	989.306554738442
183.48410775515	1110.2795455809
183.904617025142	1032.25253812397
184.325099817771	1028.22553236756
184.745556134421	981.198528311592
185.165985976487	927.171525955968
185.58638934536	971.1445253006
186.006766242433	1033.1175263454
186.427116669092	998.090529090276
186.847440626723	1024.06353353514
187.26773811673	991.036539679907
187.688009140485	927.009547524483
188.108253699392	914.982557068779
188.528471794834	952.955568312707
188.9486634282	988.928581256178
189.368828600887	913.901595899101
189.788967314278	954.874612241388
190.209079569765	864.84763028295
190.629165368736	921.820650023697
191.049224712587	924.79367146354
191.469257602697	945.76669460239
191.889264040462	911.739719440158
192.309244027266	978.712745976754
192.729197564505	877.685774212089
193.149124653569	882.658804146074
193.569025295837	933.63183577862
193.988899492709	942.604869109638
194.408747245572	850.577904139037
194.828568555807	880.55094086673
195.248363424809	855.523979292627
195.668131853966	892.497019416638
196.087873844669	881.470061238675
196.507589398308	920.443104758648
196.927278516268	891.416149976468
197.346941199932	831.389196892046
197.766577450693	911.362245505294
198.186187269948	812.33529581612
198.60577065908	852.308347824437
199.025327619467	829.281401530155
199.44485815251	882.254456933185
199.864362259595	848.227514033439
200.283839942112	798.200572830825
200.70329120144	865.173633325257
201.122716038971	834.146695516644
201.542114456096	856.119759404897
201.961486454201	803.092824989928
202.380832034676	851.065892271646
202.800151198905	791.038961249964
203.219443948284	823.012031924791
203.638710284187	818.985104296039
204.057950208014	883.958178363618
204.477163721145	788.93125412744
204.896350824965	803.904331587416
205.315511520871	802.877410743455
205.734645810247	823.85049159547
206.153753694481	706.82357414337
206.572835174956	774.796658387067
206.991890253058	749.769744326473
207.410918930185	780.742831961497
207.829921207714	782.71592129205
208.248897087032	805.689012318044
208.667846569533	765.66210503939
209.086769656598	758.635199455998
209.50566634961	866.60829556778
209.924536649963	735.581393374645
210.34338055905	748.554492876506
210.762198078242	757.527594073273
211.180989208936	770.500696964857
211.599753952512	820.47380155117
212.018492310362	794.446907832121
212.437204283869	754.420015807622
212.855889874423	798.393125477584
213.274549083405	767.366236841918
213.693181912207	774.339349900535
214.111788362213	783.312464653346
214.530368434803	771.285581100262
214.948922131374	732.258699241193
215.367449453304	708.231819076051
215.785950401976	801.204940604747
216.204424978786	716.178063827192
216.622873185115	711.151188743297
217.041295022347	794.124315352972
217.459690491868	795.097443656129
217.878059595066	799.07057365268
218.296402333329	750.043705342533
218.714718708037	729.016838725601
219.133008720571	775.989973801796
219.551272372329	715.963110571027
219.969509664686	738.936249033207
220.387720599032	715.909389188245
220.805905176748	701.882531036053
221.224063399229	753.855674576542
221.64219526785	764.828819809623
222.060300783996	794.801966735208
222.478379949057	776.775115353206
222.89643276442	775.74826566353
223.314459231463	750.72141766609
223.732459351569	760.694571360798
224.150433126134	691.667726747563
224.568380556531	783.640883826298
224.986301644152	826.614042596914
225.404196390376	793.587203059322
225.822064796589	757.560365213432
226.239906864182	751.533529059156
226.657722594532	837.506694596405
227.07551198902	762.47986182509
227.49327504904	750.453030745122
227.91101177597	733.426201356413
228.328722171194	804.399373658872
228.746406236099	790.372547652413
229.164063972068	816.345723336944
229.581695380486	833.318900712378
229.999300462728	786.292079778627
230.416879220189	776.2652605356
230.834431654253	795.238442983209
231.251957766293	787.211627121365
231.669457557702	848.184812949979
232.086931029858	798.158000468964
232.504378184148	785.131189678228
232.921799021951	853.104380577685
233.339193544656	846.077573167244
233.756561753645	781.050767446818
234.173903650294	782.023963416317
234.591219235997	806.997161075652
235.008508512131	852.970360424735
235.42577148008	806.943561463476
235.843008141226	839.916764191787
236.260218496954	772.88996860958
236.677402548644	830.863174716765
237.094560297682	817.836382513253
237.51169174545	830.809591998956
237.928796893327	792.782803173786
238.345875742699	782.756016037652
238.762928294952	797.729230590466
239.179954551458	853.70244683214
239.596954513614	834.675664762584
240.01392818279	861.648884381711
240.43087556037	832.622105689431
240.847796647743	828.595328685655
241.264691446282	867.568553370295
241.681559957374	830.541779743261
242.098402182407	879.515007804466
242.515218122756	830.48823755382
242.9320077798	797.461468991235
243.348771154924	858.434702116621
243.765508249514	818.407936929891
244.182219064947	860.381173430955
244.598903602607	888.354411619724
245.01556186387	898.32765149611
245.43219385013	874.300893060025
245.848799562758	863.274136311378
246.265379003136	928.247381250083
246.681932172647	892.22062787605
247.098459072676	864.193876189189
247.514959704596	877.167126189414
247.9314340698	832.140377876634
248.347882169655	917.113631250761
248.764304005551	901.086886311707
249.180699578875	895.060143059382
249.597068890994	856.033401493699
250.013411943298	886.006661614567
250.429728737162	821.9799234219
250.846019273969	869.953186915607
251.262283555104	833.926452095601
251.67852158194	934.899718961792
252.094733355868	802.872987514093
252.510918878258	865.846257752413
252.927078150496	870.819529676666
253.343211173963	879.792803286761
253.759317950036	814.76607858261
254.175398480092	831.739355564126
254.591452765518	875.712634231218
255.0074808077	862.685914583798
255.423482608002	839.659196621779
255.839458167814	884.632480345071
256.255407488519	818.605765753584
256.671330571487	874.579052847233
257.087227418102	856.552341625926
257.503098029748	872.525632089576
257.918942407803	862.498924238093
258.334760553643	857.47221807139
258.750552468649	867.445513589378
259.166318154202	807.418810791969
259.582057611682	798.392109679073
259.997770842463	849.365410250601
260.413457847935	755.338712506467
260.82911862947	828.312016446579
261.244753188446	807.285322070852
261.660361526242	867.258629379195
262.075943644245	883.23193837152
262.491499543823	817.205249047738
262.90702922636	820.178561407762
263.322532693244	863.151875451502
263.738009945838	805.12519117887
264.153460985533	800.098508589776
264.5688858137	820.071827684134
264.98428443172	843.045148461854
265.399656840974	858.018470922847
265.815003042836	759.991795067026
266.230323038693	803.965120894301
266.645616829911	825.938448404584
267.060884417886	762.911777597787
267.476125803976	754.88510847382
267.891340989572	728.858441032596
268.306529976049	790.831775274026
268.721692764786	799.805111198022
269.136829357157	833.778448804494
269.551939754546	759.751788093355
269.967023958332	730.725129064515
270.382081969881	776.698471717887
270.797113790584	718.671816053382
271.212119421812	718.645162070912
271.627098864944	722.618509770387
272.042052121363	763.59185915172
272.45697919244	786.565210214821
272.87188007955	707.538562959604
273.286754784083	784.511917385978
273.701603307406	748.485273493855
274.116425650892	781.458631283149
274.53122181593	724.431990753768
274.945991803891	715.405351905626
275.360735616151	763.378714738634
275.775453254093	826.352079252702
276.190144719093	771.325445447744
276.604810012526	702.29881332367
277.019449135761	749.272182880392
277.434062090189	753.245554117821
277.848648877181	725.21892703587
278.263209498105	743.19230163445
278.677743954351	749.165677913472
279.092252247293	674.139055872847
279.506734378301	706.112435512488
279.921190348759	689.085816832306
280.335620160032	646.059199832213
280.750023813514	686.03258451212
281.164401310568	631.005970871939
281.578752652571	605.979358911581
281.993077840907	688.952748630958
282.407376876941	695.926140029982
282.821649762063	595.899533108564
283.235896497637	629.872927866617
283.650117085042	628.846324304051
284.06431152566	695.819722420777
284.478479820856	682.793122216709
284.892621972016	646.766523691758
285.30673798051	650.739926845834
285.720827847719	675.71333167885
286.134891575009	681.686738190718
286.548929163767	662.660146381348
286.962940615361	618.633556250653
287.37692593117	635.606967798545
287.790885112561	612.580381024935
288.20481816092	649.553795929734
288.61872507762	600.527212512855
289.032605864034	603.500630774209
289.446460521539	610.474050713707
289.860289051506	706.447472331263
290.27409145531	578.420895626786
290.687867734337	617.394320600189
291.101617889948	609.367747251383
291.515341923521	539.341175580281
291.929039836435	623.314605586794
292.342711630066	606.288037270833
292.756357305785	586.26147063231
293.169976864963	575.234905671138
293.583570308979	580.208342387228
293.997137639213	604.18178078049
294.410678857027	639.155220850839
294.824193963802	633.128662598184
295.237682960916	521.102106022438
295.651145849737	584.075551123512
296.064582631643	544.048997901318
296.477993308006	588.022446355768
296.891377880198	554.995896486775
297.304736349593	526.969348294248
297.718068717575	589.942801778101
298.131374985503	580.916256938245
298.544655154761	517.889713774591
298.957909226723	518.863172287052
299.371137202757	548.836632475539
299.784339084239	563.810094339964
300.197514872539	545.783557880239
300.610664569045	540.757023096275
301.023788175109	520.730489987986
301.436885692117	532.703958555281
301.849957121441	548.677428798073
302.263002464456	475.650900716274
302.676021722531	563.624374309796
303.089014897039	539.59784957855
303.501981989353	534.571326522449
303.914923000855	441.544805141403
304.327837932905	537.518285435326
304.740726786887	522.491767404127
305.153589564164	500.465251047721
305.566426266112	521.438736366018
305.979236894108	504.41222335893
306.392021449522	534.385712026369
306.804779933729	546.359202368247
307.217512348095	489.332694384476
307.630218693997	488.306188074967
308.042898972806	475.279683439633
308.455553185896	442.253180478385
308.868181334637	460.226679191135
309.280783420406	441.200179577795
309.693359444569	495.173681638278
310.105909408499	480.147185372494
310.518433313573	482.120690780355
310.930931161157	484.094197861775
311.343402952628	484.067706616663
311.755848689357	481.041217044933
312.168268372708	455.014729146496
312.580662004063	531.988242921265
312.993029584795	512.96175836915
313.405371116266	488.935275490064
313.817686599853	456.908794283919
314.229976036927	491.882314750627
314.64223942886	431.855836890099
315.054476777015	470.829360702248
315.466688082779	425.802886186986
315.878873347512	472.776413344224
316.291032572589	454.749942173874
316.703165759379	450.723472675849
317.115272909257	456.69700485006
317.52735402359	424.670538696419
317.939409103746	470.644074214839
318.351438151104	413.61761140523
318.763441167029	404.591150267506
319.175418152899	427.564690801577
319.587369110078	412.538233007357
319.999294039938	460.511776884756
320.411192943851	384.485322433687
320.82306582318	438.458869654063
321.234912679308	449.432418545794
321.646733513596	461.405969108793
322.058528327423	405.379521342972
322.470297122148	451.353075248243
322.882039899152	429.326630824518
323.293756659797	383.300188071708
323.70544740546	414.273746989727
324.117112137504	424.247307578485
324.528750857301	422.220869837895
324.940363566231	397.194433767869
325.351950265649	370.167999368319
325.763510956934	440.141566639156
326.175045641448	425.115135580294
326.586554320569	398.088706191644
326.998036995668	389.062278473117
327.409493668106	405.035852424627
327.820924339252	419.009428046085
328.232329010486	378.983005337403
328.643707683168	388.956584298493
329.05506035867	422.930164929268
329.466387038366	361.903747229638
329.877687723619	356.877331199517
330.288962415801	363.850916838817
330.70021111628	387.824504147449
331.111433826423	410.798093125326
331.522630547602	389.771683772359
331.933801281193	436.74527608846
332.344946028548	429.718870073543
332.75606479105	380.692465727519
333.16715757006	364.6660630503
333.578224366949	351.639662041797
333.989265183088	377.613262701924
334.400280019846	381.586865030592
334.811268878584	374.560469027714
335.222231760679	399.534074693201
335.633168667493	411.507682026966
336.0440796004	388.48129102892
336.454964560762	380.454901698976
336.865823549953	387.428514037047
337.276656569338	389.402128043043
337.687463620288	356.375743716878
338.098244704167	363.349361058463
338.508999822348	358.32298006771
338.91972897619	373.296600744533
339.330432167073	371.270223088841
339.741109396356	354.243847100549
340.151760665408	386.217472779569
340.562385975597	368.191100125811
340.972985328291	327.164729139189
341.383558724861	349.138359819615
341.794106166671	353.111992167
342.204627655086	372.085626181258
342.615123191477	398.059261862299
343.025592777212	388.032899210037
343.436036413655	356.006538224384
343.846454102178	354.980178905251
344.256845844145	359.953821252551
344.66721164092	367.927465266196
345.077551493872	352.901110946099
345.487865404375	378.874758292171
345.898153373782	379.848407304325
346.308415403469	367.822057982473
346.718651494808	337.795710326526
347.128861649154	370.769364336399
347.539045867884	346.743020012002
347.949204152355	346.716677353248
348.359336503937	326.690336360049
348.769442924	359.663997032317
349.179523413906	349.637659369965
349.589577975024	354.611323372905
349.999606608718	300.584989041049
350.409609316357	339.558656374309
350.819586099303	354.532325372597
351.22953695893	312.505996035827
351.639461896596	339.47966836391
352.049360913672	355.453342356758
352.459234011519	321.427018014283
352.869081191511	355.400695336399
353.278902455	347.374374323017
353.688697803361	339.348054974049
354.098467237963	329.321737289408
354.50821076017	365.295421269006
354.917928371342	354.269106912756
355.327620072846	334.242794220569
355.737285866052	382.216483192358
356.146925752324	345.190173828036
356.556539733021	353.163866127514
356.966127809511	310.137560090705
357.375689983167	358.111255717521
357.785226255349	330.084953007875
358.194736627414	348.058651961679
358.60422110074	386.032352578845
359.013679676685	384.006054859285
359.42311235662	356.979758802912
359.832519141898	344.953464409639
360.241900033895	302.927171679377
360.651255033968	351.900880612039
361.060584143491	396.874591207537
361.469887363819	353.848303465784
361.879164696321	310.822017386692
362.28841614236	311.795732970173
362.697641703307	388.76945021614
363.106841380518	323.743169124505
363.516015175355	296.716889695181
363.925163089192	361.690611928079
364.33428512339	331.664335823113
364.743381279309	348.638061380194
365.152451558315	330.611788599235
365.561495961774	320.585517480149
365.970514491047	368.559248022848
366.379507147503	344.532980227243
366.788473932501	362.506714093248
367.197414847407	339.480449620776
367.60632989358	370.454186809738
368.015219072392	326.427925660046
368.424082385197	308.401666171614
368.83291983337	340.375408344354
369.241731418263	274.349152178178
369.650517141246	357.322897672998
370.059277003685	329.296644828728
370.468011006934	299.270393645279
370.876719152365	327.244144122563
371.285401441335	298.217896260495
371.694057875211	304.191650058984
372.10268845535	297.165405517946
372.511293183124	341.139162637291
372.919872059894	344.112921416932
373.32842508702	346.086681856782
373.736952265862	345.060443956753
374.14545359779	340.034207716757
374.553929084162	349.007973136708
374.962378726337	365.981740216517
375.370802525685	334.955508956097
375.779200483564	342.929279355361
376.187572601342	327.903051414221
376.595918880375	316.876825132589
377.004239322028	325.850600510379
377.412533927665	348.824377547502
377.820802698643	341.798156243871
378.229045636326	290.771936599399
378.637262742082	329.745718613997
379.045454017265	321.71950228758
379.453619463245	307.693287620058
379.861759081377	338.667074611345
380.269872873021	324.640863261354
380.677960839548	327.614653569996
381.086022982312	361.588445537185
381.49405930268	310.562239162832
381.90206980201	335.536034446851
382.310054481666	324.509831389153
382.718013343008	308.483629989653
383.125946387397	326.457430248261
383.533853616194	308.431232164891
383.941735030766	324.405035739454
384.349590632464	357.378840971865
384.757420422654	346.352647862036
385.165224402702	305.326456409877
385.573002573968	362.300266615304
385.980754937805	356.274078478227
386.388481495581	355.247891998561
386.796182248654	336.221707176216
387.203857198386	355.195524011107
387.61150634614	294.169342503144
388.019129693271	314.143162652242
388.426727241141	393.116984458313
388.834298991121	352.090807921269
389.241844944561	330.064633041022
389.649365102817	310.038459817487
390.056859467258	307.012288250575
390.464328039248	343.986118340198
390.871770820136	283.95995008627
391.279187811294	333.933783488702
391.686579014069	333.907618547409
392.093944429831	320.881455262302
392.501284059941	347.855293633294
392.908597905752	308.829133660297
393.315885968633	369.802975343225
393.723148249933	326.77681868199
394.130384751017	353.750663676504
394.537595473248	366.724510326681
394.944780417979	370.698358632433
395.351939586576	345.672208593672
395.759072980396	325.646060210312
396.166180600797	342.619913482264
396.573262449139	360.593768409443
396.980318526784	352.56762499176
397.38734883509	351.541483229127
397.794353375418	333.515343121459
398.201332149121	305.489204668667
398.608285157566	367.463067870664
399.015212402104	389.436932727364
399.422113884105	373.410799238677
399.828989604917	348.384667404518
400.235839565906	322.3585372248
400.64266376843	395.332408699433
401.049462213846	404.306281828332
401.456234903507	359.28015661141
401.862981838785	393.254033048579
402.269703021029	386.227911139751
402.6763984516	360.20179088484
403.083068131858	349.175672283757
403.489712063157	431.149555336417
403.896330246861	363.123440042732
404.302922684324	354.097326402614
404.709489376909	418.071214415976
405.116030325967	353.045104082731
405.522545532865	346.018995402792
405.929034998949	386.992888376072
406.335498725591	350.966783002483
406.741936714144	373.940679281937
407.148348965962	341.914577214349
407.554735482408	348.888476799631
407.961096264836	315.862378037695
408.367431314603	366.836280928454
408.773740633074	330.810185471821
409.180024221597	325.784091667709
409.586282081534	311.757999516031
409.992514214245	328.731909016699
410.398720621084	369.705820169626
410.80490130341	321.679732974726
411.211056262574	311.653647431911
411.617185499948	335.627563541093
412.023289016877	323.601481302186
412.429366814718	382.575400715103
412.835418894836	317.549321779755
413.241445258583	306.523244496057
413.647445907314	316.497168863921
414.053420842392	330.471094883259
414.459370065167	306.445022553986
414.865293577004	324.418951876012
415.271191379251	309.392882849252
415.677063473267	289.366815473619
416.082909860415	313.340749749024
416.488730542045	276.314685675382
416.894525519514	340.288623252604
417.300294794182	320.262562480605
417.706038367403	254.236503359295
418.111756240534	289.21044588859
418.517448414928	317.1843900684
418.923114891946	273.158335898641
419.328755672941	284.132283379223
419.734370759273	293.10623251006
420.139960152293	296.080183291066
420.545523853361	269.054135722152
420.951061863834	230.028089803232
421.356574185058	261.002045534219
421.7620608184	266.976002915026
422.167521765211	302.949961945565
422.572957026852	259.92392262575
422.978366604671	287.897884955493
423.383750500019	287.871848934708
423.789108714267	289.845814563308
424.194441248764	282.819781841204
424.599748104861	289.79375076831
425.005029283918	286.76772134454
425.410284787285	257.741693569807
425.815514616326	271.715667444022
426.22071877239	293.689642967099
426.625897256828	265.663620138951
427.031050071003	246.637598959492
427.436177216266	278.611579428633
427.841278693977	240.585561546288
428.246354505481	246.559545312371
428.65140465214	256.533530726793
429.056429135311	252.507517789468
429.461427956346	237.481506500309
429.866401116596	297.45549685923
430.271348617417	257.429488866142
430.676270460164	210.403482520959
431.081166646195	275.377477823594
431.486037176859	224.35147477396
431.890882053518	239.32547337197
432.295701277515	284.299473617537
432.700494850218	211.273475510574
433.105262772965	241.247479050994
433.510005047122	262.22148423871
433.914721674042	240.195491073635
434.319412655073	219.169499555683
434.724077991573	212.143509684766
435.128717684896	215.117521460797
435.533331736398	230.091534883689
435.937920147425	185.065549953356
436.342482919339	224.03956666971
436.747020053491	224.013585032665
437.151531551229	207.987605042133
437.556017413917	249.961626698028
437.9604776429	197.935650000262
438.36491223954	218.909674948749
438.769321205178	237.883701543402
439.173704541168	207.857729784135
439.578062248878	236.831759670859
439.98239432965	187.805791203488
440.386700784842	215.779824381936
440.790981615798	199.753859206115
441.195236823881	195.727895675938
441.59946641044	211.701933791319
442.003670376827	199.675973552171
442.407848724393	204.650014958406
442.812001454498	186.624058009938
443.216128568488	200.59810270668
443.620230067717	218.572149048546
444.024305953542	229.546197035448
444.428356227308	181.520246667299
444.832380890376	237.494297944012
445.236379944086	229.468350865502
445.640353389801	178.44240543168
446.044301228874	157.41646164246
446.448223462648	176.390519497756
446.852120092487	183.364578997479
447.255991119731	186.338640141544
447.659836545739	199.312702929864
448.063656371865	197.286767362351
448.467450599455	177.26083343892
448.871219229862	183.234901159483
449.27496226444	177.208970523953
449.678679704542	159.183041532243
450.082371551514	180.157114184267
450.486037806713	143.131188479938
450.889678471485	180.10526441917
451.293293547194	176.079342001874
451.696883035176	174.053421227965
452.100446936787	183.027502097356
452.503985253388	157.00158460996
452.907497986321	171.975668765689
453.310985136933	172.949754564458
453.714446706584	195.92384200618
454.117882696624	159.897931090767
454.521293108398	189.872021818134
454.924677943265	170.846114188193
455.328037202569	172.820208200857
455.731370887671	161.79430385604
456.134678999904	189.768401153655
456.537961540638	179.742500093615
456.941218511212	133.716600675833
457.344449912976	146.690702900224
457.747655747291	196.664806766699
458.150836015498	126.638912275172
458.553990718945	181.613019425558
458.957119858994	177.587128217767
459.360223436986	180.561238651715
459.763301454277	195.535350727315
460.166353912209	202.509464444479
460.569380812139	142.483579803121
460.972382155418	139.457696803154
461.375357943394	138.431815444491
461.778308177414	145.405935727047
462.181232858831	168.380057650733
462.584131988995	140.354181215464
462.987005569251	130.328306421153
463.389853600961	166.302433267712
463.79267608546	114.276561755056
464.195473024105	157.250691883098
464.598244418248	162.22482365175
465.000990269229	153.198957060927
465.403710578408	143.173092110542
465.806405347131	139.147228800507
466.209074576741	104.121367130737
466.611718268599	116.095507101145
467.014336424046	100.069648711643
467.416929044429	107.043791962146
467.819496131105	149.017936852567
468.222037685412	155.992083382819
468.624553708716	166.966231552815
469.02704420235	130.940381362469
469.429509167672	115.914532811694
469.83194860602	105.888685900404
470.23436251876	101.862840628511
470.636750907226	131.83699699593
471.039113772771	130.811155002574
471.441451116748	94.7853146483551
471.843762940498	130.759475933188
472.246049245372	114.733638856986
472.648310032724	100.707803419662
473.050545303893	131.68196962113
473.452755060232	94.6561374613034
473.854939303091	130.630306940095
474.257098033816	94.6044780574182
474.659231253757	114.578650813187
475.061338964256	104.552825207314
475.46342116667	114.527001239714
475.865477862342	88.5011789102988
476.26750905262	98.4753582189829
476.669514738852	94.4495391656794
477.07149492238	92.4237217503023
477.473449604567	158.397905972764
477.875378786746	108.372091832979
478.277282470266	140.34627933086
478.679160656483	108.32046846632
479.081013346738	93.2946592392741
479.482840542383	150.268851649634
479.884642244756	108.243045697315
480.286418455216	110.217241382229
480.688169175104	128.19143870429
481.089894405762	112.165637663412
481.491594148548	107.139838259507
481.893268404805	98.1140404924904
482.294917175877	74.0882443622746
482.696540463111	91.0624498687732
483.098138267858	82.0366570118998
483.499710591462	97.0108657915678
483.90125743527	107.985076207691
484.302778800632	83.9592882601821
484.704274688887	103.933501948956
485.105745101387	104.907717273925
485.507190039479	122.881934235003
485.908609504509	96.8561528321031
486.310003497823	68.8303730651397
486.711372020759	72.8045949340263
487.112715074683	70.7788184386753
487.514032660918	132.753043579002
487.915324780831	139.727270354918
488.316591435756	78.7014987663378
488.717832627036	102.675728813175
489.119048356027	110.649960495344
489.52023862407	106.624193812756
489.921403432508	131.598428765327
490.322542782694	109.57266535297
490.723656675967	102.546903575597
491.124745113676	125.521143433123
491.525808097168	55.4953849254617
491.926845627789	86.4696280525259
492.327857706881	56.4438728142295
492.72884433579	112.418119210486
493.129805515858	87.3923672412099
493.530741248436	87.3666169063135
493.931651534872	73.3408682057108
494.332536376507	91.3151211393155
494.733395774677	70.2893757070417
495.134229730749	71.2636319088018
495.535038246045	79.2378897445108
495.935821321923	44.2121492140815
496.336578959726	54.1864103174277
496.737311160799	75.1606730544628
497.138017926488	134.134937425101
497.538699258129	101.109203429255
497.939355157075	88.0834710668396
498.339985624672	128.057740337768
498.740590662258	81.032011241953
499.141170271184	68.0062837793092
499.541724452792	95.9805579497499
499.94225320842	32.9548337531893
500.342756539423	79.9291111895403
500.743234447141	76.9033902587169
501.143686932915	24.8776709606327
501.544113998093	48.8519532952015
501.944515644019	51.8262372623368
502.344891872035	64.8005228619523
502.745242683482	69.7748100939622
503.145568079715	75.7490989582791
503.545868062068	48.7233894548176
503.946142631888	65.6976815834911
504.346391790517	47.6719753442133
504.746615539297	67.6462707368981
505.146813879579	71.6205677614588
505.546986812703	74.5948664178093
505.947134340007	54.5691667058636
506.347256462842	36.543468625535
506.747353182549	72.5177721767373
507.147424500471	87.4920773593842
507.54747041795	36.4663841733897
507.947490936334	58.4406926186671
508.347486056958	89.4150026951306
508.747455781176	35.3893144026935
509.147400110319	35.36362774127
509.547319045737	51.3379427107735
509.947212588773	59.3122593111178
510.347080740768	56.2865775422168
510.746923503065	52.2608974039842
511.146740877007	58.2352188963337
511.54653286394	65.2095420191789
511.946299465205	43.1838667724337
512.346040682135	54.1581931560124
512.745756516083	63.1325211698281
513.145446968399	64.1068508137943
513.545112040406	65.0811820878257
513.944751733459	41.0555149918356
514.344366048895	31.029849525738
514.743954988061	48.0041856894462
515.143518552293	74.9785234828747
515.543056742943	51.9528629059365
515.942569561342	82.9272039585461
516.342057008838	41.9015466406171
516.741519086772	15.8758909520631
517.140955796483	54.8502368927983
517.540367139317	43.8245844627362
517.939753116617	59.7989336617906
518.339113729722	64.7732844898753
518.738448979969	46.7476369469048
519.137758868713	59.7219910327917
519.537043397278	43.6963467474511
519.93630256702	41.670704090796
520.335536379272	54.6450630627406
520.734744835379	30.6194236631987
521.13392793668	41.5937858920844
521.533085684521	33.5681497493109
521.932218080237	65.5425152347926
522.331325125171	31.5168823484435
522.730406820672	64.4912510901765
523.129463168061	62.4656214599072
523.528494168702	20.4399934575478
523.927499823927	14.4143670830126
524.32648013507	31.3887423362162
524.725435103479	12.3631192170718
525.124364730494	50.3374977254934
525.523269017456	34.3118778613951
525.922147965702	59.2862596246907
526.321001576579	41.260643015294
526.719829851419	52.2350280331191
527.118632791574	82.2094146780795
527.51741039837	68.1838029500898
527.916162673158	45.1581928490633
528.314889617275	38.1325843749141
528.713591232062	43.1069775275563
529.112267518852	35.081372306904
529.510918478998	35.0557687128704
529.90954411383	37.03016674537
530.308144424696	47.0045664043165
530.706719412926	29.9789676896243
531.105269079871	51.9533706012064
531.503793426858	43.927775138978
531.902292455237	5.90218130285211
532.300766166343	24.8765890927432
532.699214561522	44.8509985085645
533.097637642105	28.8254095502308
533.496035409432	19.799822217656
533.894407864852	30.7742365107534
534.292755009697	58.7486524294375
534.691076845301	4.72306997362261
535.089373373011	25.6974891432221
535.48764459417	34.6719099381498
535.885890510107	29.6463323583205
536.284111122171	9.62075640364742
536.682306431692	62.5951820740451
537.080476440012	31.5696093694273
537.478621148475	8.54403828970794
537.876740558411	22.5184688348015
538.27483467117	24.4929010046211
538.672903488077	26.4673347990819
539.070947010481	43.4417702180971
539.468965239717	15.4162072615809
539.866958177124	6.39064592944749
540.264925824041	19.3650862216108
540.662868181814	13.3395281379843
541.060785251764	22.3139716784832
541.458677035243	2.28841684302074
541.85654353358	30.2628636315114
542.254384748124	27.2373120438688
542.652200680204	51.2117620800072
543.049991331165	18.1862137398407
543.447756702338	19.1606670232834
543.845496795067	22.1351219302492
544.24321161069	30.1095784606521
544.640901150542	21.0840366144063
545.038565415958	14.0584963914262
545.43620440828	47.0329577916254
545.833818128845	27.0074208149183
546.23140657899	14.9818854612188
546.628969760058	-2.04364826955918
547.026507673377	32.9308196224989
547.424020320289	25.905289137307
547.82150770213	9.8797602747793
548.218969820245	15.8542330348292
548.616406675962	16.8287074173718
549.013818270621	33.8031834223207
549.411204605556	37.7776610495903
549.808565682113	6.75214029909421
550.205901501623	18.7266211707469
550.603212065419	32.7011036644627
551.000497374851	39.6755877801552
551.397757431241	34.6500735177391
551.794992235936	11.6245608771281
552.192201790265	24.5990498582369
552.589386095569	33.5735404609792
552.986545153191	22.5480326852689
553.383678964455	-6.47747346897916
553.780787530708	0.497021998148625
554.17787085328	25.4715190865667
554.574928933507	23.4460177961894
554.971961772735	30.4205181269301
555.368969372288	16.395020078704
555.765951733508	29.3695236514247
556.162908857732	4.34402884500651
556.559840746296	7.31853565936342
556.956747400534	27.2930440944099
557.35362882178	41.2675541500603
557.750485011376	22.2420658262283
558.147315970654	10.2165791228284
558.544121700953	21.1910940397747
558.940902203605	-6.83438942301848
559.337657479947	9.14012873436309
559.734387531316	7.11464851183337
560.131092359046	17.089169909307
560.527771964472	35.0636929266979
560.924426348934	45.0382175639202
561.321055513763	24.0127438208883
561.717659460289	25.9872716975169
562.11423818986	47.9618011937193
562.510791703804	16.9363323094103
562.907320003458	-11.0891349554959
563.303823090154	43.8853993989151
563.700300965232	-25.1400646274429
564.096753630019	-17.165527034655
564.493181085865	0.809012177192017
564.88958333409	0.783553008013428
565.285960376037	9.75809545772302
565.682312213033	36.7326395262355
566.078638846422	-15.2928147865355
566.474940277534	0.681732519324783
566.871216507701	-8.34371855626944
567.267467538265	42.6308319865959
567.663693370555	5.60538414783525
568.059894005909	-0.420062072637279
568.456069445655	35.5544933250931
568.852219691132	-16.4709496590598
569.248344743675	6.50360897481858
569.644444604618	10.4781692266423
570.040519275295	14.4527310963258
570.436568757042	3.42729458378324
570.832593051181	13.4018596889297
571.228592159062	-0.623573588321506
571.624566082009	-20.6490052480555
572.020514821364	21.3255647096418
572.416438378455	9.30013628468487
572.812336754614	-2.72529052301184
573.208209951175	17.249284286466
573.604057969478	5.22386071303254
573.999880810853	23.1984387566021
574.395678476634	3.17301841708911
574.791450968154	36.1475996944079
575.187198286745	-13.8778174115271
575.582920433735	13.096767099199
575.978617410473	37.0713532264995
576.374289218281	-5.95405902971072
576.769935858497	-12.9794696695174
577.165557332446	-10.0048786930056
577.561153641469	22.9697138997385
577.956724786894	42.9443081086295
578.352270770057	4.91890393358176
578.747791592293	9.89350137450936
579.14328725493	-7.13189956867291
579.538757759306	38.8427011039491
579.934203106746	-1.18269660770977
580.329623298588	27.7919072962645
580.725018336168	15.7665128157862
581.120388220813	2.7411199507701
581.515732953856	-6.28427129886961
581.911052536634	14.6903390667815
582.306346970475	19.6649510476378
582.701616256708	18.6395646436142
583.096860396672	32.6141798546247
583.4920793917	17.5887966805835
583.887273243115	9.5634151214058
584.282441952258	38.5380351770054
584.677585520457	5.51265684729708
585.072703949048	-14.5127198678051
585.467797239358	28.4619050316137
585.862865392719	8.43653154546791
586.257908410465	21.4111596736719
586.652926293925	-3.61421058385963
587.047919044442	2.36042077278694
587.442886663328	4.3350537435274
587.837829151929	-0.690311671724658
588.232746511577	1.28432452694506
588.627638743593	14.1733432441339
589.022505849319	19.0027248421519
589.41734783008	7.83211729643358
589.812164687209	28.6615206064027
590.20695642204	-14.5090652285169