-383.2274
-394.8811
-396.0180
-405.2000
-405.4296
-412.7370
-413.4488
-418.0289
-418.3952
-422.2494
-422.3404
-425.3018
-425.2919
-426.7867
-426.9157
-426.8905
-427.7621
-427.8090
-428.2520
-428.2917
-428.3332
-428.5259
-428.5224
-428.5316
-428.6368
-428.6404
-428.6607
-428.6538
-428.6574
-428.6690
-428.6823
-428.6765
-428.6699
-428.6701
-428.6775
-428.6869
-428.6917
-428.6859
-428.6822
-428.6923
-428.6999
-428.7067
-428.7055
-428.7108
-428.7098
-428.7109
-428.7253
-428.7303
-428.7324
-428.7281
-428.7329
