-101.8630
-101.9616
-102.0354
-102.0466
-102.1024
-102.1063
-102.1518
-102.1476
-102.1783
-102.1792
-102.1976
-102.2004
-102.2096
-102.2101
-102.2111
-102.2152
-102.2156
-102.2176
-102.2179
-102.2181
-102.2187
-102.2189
-102.2191
-102.2192
-102.2193
-102.2195
-102.2196
-102.2197
-102.2198
-102.2199
-102.2200
-102.2201
-102.2202
-102.2203
-102.2204
-102.2205
-102.2205
-102.2206
-102.2207
-102.2207
-102.2208
-102.2209
-102.2209
-102.2210
-102.2210
-102.2211
-102.2211
-102.2211
-102.2212
-102.2212
-102.2213
