 0.000000
 0.000000
 0.000000
 0.742343
 0.000000
 0.000000
 0.750000
 0.749220
 0.750000
 0.000000
 0.749541
 0.000000
 0.000000
 0.745573
 0.000000
 0.750000
 0.000000
 0.750000
 0.750000
 0.000000
 0.000000
 0.749567
 0.750000
 0.000000
 0.000000
 0.747572
 0.000000
 0.000000
 0.745656
 0.750000
 0.000000
 0.000000
 0.000000
 0.724458
 0.715869
 0.750000
 0.744461
 0.000000
 0.746673
 0.750000
 0.750000
 0.000000
 0.750000
 0.750000
 0.000000
 0.750000
 0.000000
 0.728265
 0.000000
 0.000000
 0.000000
 0.000000
 0.728840
 0.000000
 0.000000
 0.750000
 0.000000
 0.741688
 0.750000
 0.677807
 0.001358
 0.750000
 0.000000
 0.000000
 0.000000
 0.719523
 0.000000
 0.750000
 0.000000
 0.232642
 0.000000
 0.750000
