 0.000000
 0.000000
 0.000000
 0.731996
 0.000000
 0.000000
 0.750000
 0.744171
 0.750000
 0.000000
 0.749087
 0.000000
 0.000000
 0.750000
 0.725984
 0.000000
 0.000000
 0.750000
 0.750000
 0.000000
 0.000000
 0.749965
 0.750000
 0.000000
 0.000000
 0.748491
 0.000000
 0.000000
 0.712412
 0.000000
 0.750000
 0.000000
 0.000000
 0.687635
 0.733971
 0.712449
 0.000000
 0.750000
 0.750000
 0.750000
 0.000000
 0.728649
 0.750000
 0.750000
 0.000000
 0.750000
 0.000000
 0.696388
 0.000000
 0.000000
 0.000000
 0.000000
 0.658458
 0.000000
 0.000000
 0.750000
 0.000000
 0.728337
 0.750000
 0.667141
 0.002349
 0.750000
 0.000000
 0.000000
 0.000000
 0.000000
 0.675483
 0.750000
 0.000000
 0.282778
 0.000000
 0.750000
