-164.6257
-164.7439
-164.8379
-164.8489
-164.9193
-164.9240
-164.9811
-164.9763
-165.0147
-165.0163
-165.0391
-165.0429
-165.0541
-165.0549
-165.0561
-165.0610
-165.0616
-165.0640
-165.0644
-165.0646
-165.0654
-165.0656
-165.0658
-165.0660
-165.0662
-165.0663
-165.0664
-165.0666
-165.0667
-165.0668
-165.0669
-165.0670
-165.0671
-165.0672
-165.0673
-165.0674
-165.0675
-165.0676
-165.0676
-165.0677
-165.0678
-165.0678
-165.0679
-165.0680
-165.0680
-165.0681
-165.0681
-165.0682
-165.0682
-165.0683
-165.0683
-165.0684
-165.0684
-165.0685
-165.0685
-165.0685
-165.0686
-165.0686
-165.0686
-165.0687
-165.0687
